Just saw Rio 2, and it is awesome!
(0 (1 (2 (3 (4 (5 Just) (6 (7 saw) (8 (9 Rio) (10 2)))) (11 ,)) (12 and)) (13 (14 it) (15 (16 is) (17 awesome)))) (18 !))
  0:  0.0662  0.1397  0.0502  0.4430  0.3008
  1:  0.0679  0.2504  0.1928  0.3843  0.1046
  2:  0.0123  0.1078  0.6829  0.1857  0.0113
  3:  0.0117  0.0942  0.7410  0.1457  0.0073
  4:  0.0025  0.0266  0.9302  0.0389  0.0019
  5:  0.0002  0.0011  0.9969  0.0014  0.0004
  6:  0.0017  0.0219  0.9456  0.0295  0.0013
  7:  0.0003  0.0016  0.9969  0.0010  0.0003
  8:  0.0022  0.0206  0.9214  0.0523  0.0035
  9:  0.0286  0.1441  0.6307  0.1541  0.0425
  10:  0.0001  0.0004  0.9992  0.0002  0.0001
  11:  0.0004  0.0012  0.9965  0.0013  0.0005
  12:  0.0003  0.0015  0.9960  0.0017  0.0005
  13:  0.0429  0.2030  0.2865  0.4029  0.0647
  14:  0.0006  0.0019  0.9928  0.0036  0.0011
  15:  0.0433  0.1689  0.3446  0.3510  0.0922
  16:  0.0008  0.0038  0.9894  0.0047  0.0013
  17:  0.0706  0.2020  0.2223  0.3551  0.1499
  18:  0.0001  0.0002  0.9991  0.0004  0.0001
A musts see if you saw and enjoyed the first movie.
(0 (1 (2 A) (3 musts)) (4 (5 (6 see) (7 (8 if) (9 (10 you) (11 (12 (13 saw) (14 and)) (15 (16 enjoyed) (17 (18 the) (19 (20 first) (21 movie)))))))) (22 .)))
  0:  0.0198  0.0435  0.1101  0.5726  0.2540
  1:  0.0148  0.0796  0.7230  0.1578  0.0248
  2:  0.0004  0.0019  0.9951  0.0018  0.0007
  3:  0.0286  0.1441  0.6307  0.1541  0.0425
  4:  0.0118  0.0275  0.0374  0.6971  0.2262
  5:  0.0101  0.0321  0.0408  0.7896  0.1274
  6:  0.0003  0.0014  0.9941  0.0034  0.0007
  7:  0.0121  0.0359  0.2521  0.5916  0.1083
  8:  0.0015  0.0067  0.9855  0.0044  0.0018
  9:  0.0048  0.0064  0.0535  0.6880  0.2473
  10:  0.0004  0.0017  0.9946  0.0026  0.0006
  11:  0.0058  0.0065  0.0285  0.6960  0.2632
  12:  0.0012  0.0172  0.9442  0.0363  0.0011
  13:  0.0003  0.0016  0.9969  0.0010  0.0003
  14:  0.0003  0.0015  0.9960  0.0017  0.0005
  15:  0.0048  0.0105  0.0090  0.8586  0.1170
  16:  0.0065  0.0289  0.0142  0.8937  0.0567
  17:  0.0004  0.0045  0.9760  0.0186  0.0006
  18:  0.0004  0.0025  0.9941  0.0024  0.0006
  19:  0.0003  0.0042  0.9848  0.0103  0.0004
  20:  0.0002  0.0014  0.9973  0.0009  0.0002
  21:  0.0001  0.0010  0.9984  0.0004  0.0001
  22:  0.0004  0.0012  0.9965  0.0013  0.0005
We didn't make it to see #rio2 last weekend so I took my baby today!
(0 (1 We) (2 (3 (4 (5 did) (6 n't)) (7 (8 make) (9 (10 it) (11 (12 to) (13 (14 (15 (16 see) (17 (18 #rio) (19 2))) (20 (21 last) (22 weekend))) (23 (24 so) (25 (26 I) (27 (28 (29 took) (30 (31 my) (32 baby))) (33 today))))))))) (34 !)))
  0:  0.1553  0.6898  0.1046  0.0338  0.0166
  1:  0.0008  0.0034  0.9923  0.0027  0.0008
  2:  0.0918  0.6364  0.1509  0.0996  0.0214
  3:  0.0801  0.5699  0.2043  0.1332  0.0126
  4:  0.0022  0.0690  0.9265  0.0019  0.0004
  5:  0.0003  0.0021  0.9957  0.0016  0.0004
  6:  0.0006  0.0033  0.9945  0.0014  0.0002
  7:  0.0133  0.0617  0.2405  0.6307  0.0538
  8:  0.0006  0.0013  0.9966  0.0008  0.0007
  9:  0.0161  0.0860  0.1968  0.6472  0.0539
  10:  0.0006  0.0019  0.9928  0.0036  0.0011
  11:  0.0124  0.0655  0.3756  0.5045  0.0420
  12:  0.0009  0.0034  0.9901  0.0044  0.0012
  13:  0.0157  0.0736  0.1956  0.6478  0.0673
  14:  0.0057  0.0387  0.5501  0.3876  0.0179
  15:  0.0039  0.0301  0.6229  0.3314  0.0118
  16:  0.0003  0.0014  0.9941  0.0034  0.0007
  17:  0.0022  0.0206  0.9214  0.0523  0.0035
  18:  0.0286  0.1441  0.6307  0.1541  0.0425
  19:  0.0001  0.0004  0.9992  0.0002  0.0001
  20:  0.0016  0.0154  0.9350  0.0460  0.0021
  21:  0.0001  0.0009  0.9976  0.0012  0.0002
  22:  0.0032  0.0163  0.9455  0.0305  0.0044
  23:  0.0127  0.0778  0.5237  0.3571  0.0287
  24:  0.0002  0.0022  0.9954  0.0018  0.0003
  25:  0.0068  0.0518  0.7155  0.2140  0.0119
  26:  0.0003  0.0012  0.9962  0.0017  0.0006
  27:  0.0032  0.0362  0.8864  0.0713  0.0030
  28:  0.0061  0.0737  0.8370  0.0786  0.0047
  29:  0.0008  0.0101  0.9803  0.0072  0.0016
  30:  0.0052  0.0950  0.7919  0.1050  0.0028
  31:  0.0001  0.0009  0.9978  0.0011  0.0001
  32:  0.0018  0.0135  0.9681  0.0128  0.0037
  33:  0.0005  0.0030  0.9899  0.0052  0.0013
  34:  0.0001  0.0002  0.9991  0.0004  0.0001
Great movie and 3D made it beautiful!
(0 (1 (2 (3 (4 Great) (5 movie)) (6 and)) (7 3D)) (8 (9 (10 made) (11 (12 it) (13 beautiful))) (14 !)))
  0:  0.0038  0.0034  0.0711  0.2076  0.7141
  1:  0.0056  0.0078  0.0168  0.6055  0.3644
  2:  0.0079  0.0087  0.0075  0.5832  0.3928
  3:  0.0248  0.0325  0.0146  0.4769  0.4512
  4:  0.0567  0.0774  0.0187  0.1272  0.7201
  5:  0.0001  0.0010  0.9984  0.0004  0.0001
  6:  0.0003  0.0015  0.9960  0.0017  0.0005
  7:  0.0038  0.0147  0.9655  0.0077  0.0083
  8:  0.0065  0.0060  0.0149  0.4752  0.4974
  9:  0.0135  0.0239  0.0386  0.6677  0.2562
  10:  0.0001  0.0004  0.9992  0.0003  0.0001
  11:  0.0199  0.0265  0.1268  0.5449  0.2819
  12:  0.0006  0.0019  0.9928  0.0036  0.0011
  13:  0.0297  0.0169  0.0027  0.0363  0.9144
  14:  0.0001  0.0002  0.9991  0.0004  0.0001
The peanut and I are about to see Rio 2- I thought the first one was really cute; 
hopefully this one is as well!
(0 (1 (2 (3 (4 (5 (6 (7 (8 (9 The) (10 peanut)) (11 and)) (12 I)) (13 (14 are) (15 (16 about) (17 (18 to) (19 (20 see) (21 (22 Rio) (23 2))))))) (24 -)) (25 (26 I) (27 (28 thought) (29 (30 (31 the) (32 (33 first) (34 one))) (35 (36 was) (37 (38 really) (39 cute))))))) (40 ;)) (41 (42 hopefully) (43 (44 (45 this) (46 one)) (47 (48 is) (49 (50 as) (51 well)))))) (52 !))
  0:  0.0004  0.0001  0.0006  0.1744  0.8245
  1:  0.0010  0.0006  0.0255  0.3158  0.6571
  2:  0.0020  0.0022  0.0117  0.6332  0.3509
  3:  0.0035  0.0043  0.0339  0.5932  0.3651
  4:  0.0043  0.0332  0.6140  0.3351  0.0135
  5:  0.0041  0.0263  0.6400  0.3167  0.0129
  6:  0.0021  0.0279  0.7793  0.1866  0.0042
  7:  0.0011  0.0134  0.9186  0.0652  0.0017
  8:  0.0008  0.0063  0.9789  0.0132  0.0009
  9:  0.0004  0.0029  0.9933  0.0029  0.0006
  10:  0.0038  0.0269  0.9523  0.0128  0.0042
  11:  0.0003  0.0015  0.9960  0.0017  0.0005
  12:  0.0003  0.0012  0.9962  0.0017  0.0006
  13:  0.0036  0.0317  0.7755  0.1815  0.0076
  14:  0.0004  0.0030  0.9924  0.0034  0.0008
  15:  0.0042  0.0363  0.7170  0.2348  0.0077
  16:  0.0008  0.0051  0.9912  0.0020  0.0010
  17:  0.0028  0.0210  0.8226  0.1474  0.0061
  18:  0.0009  0.0034  0.9901  0.0044  0.0012
  19:  0.0039  0.0301  0.6229  0.3314  0.0118
  20:  0.0003  0.0014  0.9941  0.0034  0.0007
  21:  0.0022  0.0206  0.9214  0.0523  0.0035
  22:  0.0286  0.1441  0.6307  0.1541  0.0425
  23:  0.0001  0.0004  0.9992  0.0002  0.0001
  24:  0.0004  0.0019  0.9962  0.0011  0.0004
  25:  0.0053  0.0075  0.0448  0.6117  0.3308
  26:  0.0003  0.0012  0.9962  0.0017  0.0006
  27:  0.0019  0.0033  0.0241  0.8448  0.1260
  28:  0.0001  0.0007  0.9974  0.0015  0.0003
  29:  0.0054  0.0108  0.0474  0.7914  0.1450
  30:  0.0003  0.0026  0.9712  0.0251  0.0008
  31:  0.0004  0.0025  0.9941  0.0024  0.0006
  32:  0.0004  0.0029  0.9812  0.0149  0.0007
  33:  0.0002  0.0014  0.9973  0.0009  0.0002
  34:  0.0003  0.0016  0.9953  0.0020  0.0008
  35:  0.0093  0.0227  0.0708  0.7722  0.1249
  36:  0.0003  0.0022  0.9960  0.0009  0.0004
  37:  0.0065  0.0158  0.1225  0.7010  0.1541
  38:  0.0005  0.0023  0.9945  0.0020  0.0007
  39:  0.0031  0.0195  0.0106  0.9229  0.0438
  40:  0.0004  0.0012  0.9965  0.0013  0.0005
  41:  0.0018  0.0054  0.0917  0.8434  0.0577
  42:  0.0020  0.0096  0.9484  0.0323  0.0077
  43:  0.0033  0.0103  0.1738  0.7627  0.0499
  44:  0.0002  0.0015  0.9910  0.0070  0.0004
  45:  0.0002  0.0009  0.9978  0.0009  0.0002
  46:  0.0003  0.0016  0.9953  0.0020  0.0008
  47:  0.0060  0.0301  0.3293  0.5915  0.0430
  48:  0.0008  0.0038  0.9894  0.0047  0.0013
  49:  0.0032  0.0250  0.5776  0.3785  0.0157
  50:  0.0011  0.0037  0.9902  0.0035  0.0015
  51:  0.0010  0.0092  0.0054  0.9777  0.0068
  52:  0.0001  0.0002  0.9991  0.0004  0.0001
Rio 2 was so good AWW.
(0 (1 (2 Rio) (3 2)) (4 (5 (6 (7 was) (8 (9 so) (10 good))) (11 AWW)) (12 .)))
  0:  0.0067  0.0137  0.1287  0.6473  0.2036
  1:  0.0022  0.0206  0.9214  0.0523  0.0035
  2:  0.0286  0.1441  0.6307  0.1541  0.0425
  3:  0.0001  0.0004  0.9992  0.0002  0.0001
  4:  0.0094  0.0241  0.0847  0.6959  0.1859
  5:  0.0146  0.0488  0.1216  0.6565  0.1584
  6:  0.0085  0.0169  0.0427  0.7853  0.1465
  7:  0.0003  0.0022  0.9960  0.0009  0.0004
  8:  0.0036  0.0093  0.0257  0.8319  0.1295
  9:  0.0002  0.0022  0.9954  0.0018  0.0003
  10:  0.0007  0.0049  0.0020  0.9874  0.0050
  11:  0.0286  0.1441  0.6307  0.1541  0.0425
  12:  0.0004  0.0012  0.9965  0.0013  0.0005
Rio 2 is a beautiful love letter to the Amazon and to my Brasil do meu coração.
(0 (1 (2 Rio) (3 2)) (4 (5 (6 is) (7 (8 (9 a) (10 (11 beautiful) (12 (13 love) (14 letter)))) (15 (16 (17 (18 to) (19 (20 the) (21 Amazon))) (22 and)) (23 (24 to) (25 (26 (27 my) (28 Brasil)) (29 (30 do) (31 (32 meu) (33 coração)))))))) (34 .)))
  0:  0.0057  0.0115  0.1178  0.6677  0.1972
  1:  0.0022  0.0206  0.9214  0.0523  0.0035
  2:  0.0286  0.1441  0.6307  0.1541  0.0425
  3:  0.0001  0.0004  0.9992  0.0002  0.0001
  4:  0.0072  0.0178  0.0923  0.7309  0.1518
  5:  0.0101  0.0334  0.1643  0.6585  0.1337
  6:  0.0008  0.0038  0.9894  0.0047  0.0013
  7:  0.0139  0.0567  0.2344  0.5864  0.1085
  8:  0.0078  0.0128  0.0490  0.6307  0.2998
  9:  0.0007  0.0032  0.9902  0.0046  0.0013
  10:  0.0149  0.0203  0.0981  0.5579  0.3088
  11:  0.0297  0.0169  0.0027  0.0363  0.9144
  12:  0.0069  0.0227  0.3741  0.5008  0.0955
  13:  0.0183  0.0252  0.0387  0.0228  0.8950
  14:  0.0007  0.0104  0.9829  0.0055  0.0005
  15:  0.0302  0.2943  0.5577  0.1058  0.0119
  16:  0.0053  0.0629  0.8116  0.1151  0.0050
  17:  0.0057  0.0534  0.8512  0.0844  0.0053
  18:  0.0009  0.0034  0.9901  0.0044  0.0012
  19:  0.0073  0.0550  0.8457  0.0837  0.0082
  20:  0.0004  0.0025  0.9941  0.0024  0.0006
  21:  0.0286  0.1441  0.6307  0.1541  0.0425
  22:  0.0003  0.0015  0.9960  0.0017  0.0005
  23:  0.0187  0.1989  0.6678  0.1056  0.0091
  24:  0.0009  0.0034  0.9901  0.0044  0.0012
  25:  0.0256  0.2363  0.5678  0.1574  0.0129
  26:  0.0052  0.0545  0.8621  0.0742  0.0041
  27:  0.0001  0.0009  0.9978  0.0011  0.0001
  28:  0.0286  0.1441  0.6307  0.1541  0.0425
  29:  0.0080  0.0568  0.8433  0.0845  0.0074
  30:  0.0005  0.0030  0.9921  0.0036  0.0008
  31:  0.0289  0.1778  0.5831  0.1794  0.0308
  32:  0.0286  0.1441  0.6307  0.1541  0.0425
  33:  0.0286  0.1441  0.6307  0.1541  0.0425
  34:  0.0004  0.0012  0.9965  0.0013  0.0005
Beautiful animation and FANTASTIC music!
(0 (1 (2 Beautiful) (3 (4 (5 (6 animation) (7 and)) (8 FANTASTIC)) (9 music))) (10 !))
  0:  0.0097  0.0095  0.0050  0.4558  0.5200
  1:  0.0366  0.0741  0.0568  0.5801  0.2524
  2:  0.0517  0.0557  0.0158  0.2796  0.5973
  3:  0.0142  0.1053  0.7022  0.1593  0.0189
  4:  0.0248  0.1467  0.5451  0.2504  0.0330
  5:  0.0056  0.0696  0.5701  0.3477  0.0071
  6:  0.0003  0.0018  0.9967  0.0009  0.0003
  7:  0.0003  0.0015  0.9960  0.0017  0.0005
  8:  0.0286  0.1441  0.6307  0.1541  0.0425
  9:  0.0001  0.0008  0.9984  0.0005  0.0002
  10:  0.0001  0.0002  0.9991  0.0004  0.0001
I'd Rather have someone throw darts at my balls than watch Rio 2 Again.
(0 (1 I) (2 (3 (4 (5 'd) (6 Rather)) (7 (8 (9 have) (10 (11 someone) (12 (13 (14 throw) (15 darts)) (16 (17 at) (18 (19 my) (20 balls)))))) (21 (22 than) (23 (24 (25 watch) (26 (27 Rio) (28 2))) (29 Again))))) (30 .)))
  0:  0.1418  0.6374  0.1779  0.0312  0.0117
  1:  0.0003  0.0012  0.9962  0.0017  0.0006
  2:  0.1177  0.6244  0.2258  0.0237  0.0085
  3:  0.0819  0.6276  0.2486  0.0327  0.0092
  4:  0.0158  0.1186  0.7541  0.1046  0.0070
  5:  0.0008  0.0058  0.9887  0.0036  0.0011
  6:  0.0039  0.0158  0.9708  0.0069  0.0026
  7:  0.0414  0.4274  0.4946  0.0323  0.0043
  8:  0.0312  0.3754  0.5635  0.0254  0.0047
  9:  0.0011  0.0038  0.9915  0.0027  0.0009
  10:  0.0425  0.4656  0.4614  0.0257  0.0049
  11:  0.0007  0.0041  0.9943  0.0006  0.0003
  12:  0.0314  0.3120  0.5448  0.1000  0.0118
  13:  0.0105  0.0794  0.8411  0.0613  0.0077
  14:  0.0025  0.0105  0.9789  0.0054  0.0027
  15:  0.0286  0.1441  0.6307  0.1541  0.0425
  16:  0.0109  0.1195  0.7217  0.1407  0.0073
  17:  0.0002  0.0010  0.9979  0.0006  0.0003
  18:  0.0052  0.0545  0.8621  0.0742  0.0041
  19:  0.0001  0.0009  0.9978  0.0011  0.0001
  20:  0.0286  0.1441  0.6307  0.1541  0.0425
  21:  0.0007  0.0054  0.9644  0.0287  0.0009
  22:  0.0001  0.0010  0.9981  0.0005  0.0002
  23:  0.0014  0.0105  0.9395  0.0454  0.0032
  24:  0.0056  0.0434  0.7380  0.2043  0.0087
  25:  0.0004  0.0033  0.9928  0.0028  0.0007
  26:  0.0022  0.0206  0.9214  0.0523  0.0035
  27:  0.0286  0.1441  0.6307  0.1541  0.0425
  28:  0.0001  0.0004  0.9992  0.0002  0.0001
  29:  0.0007  0.0016  0.9943  0.0015  0.0020
  30:  0.0004  0.0012  0.9965  0.0013  0.0005
Rio2 was awesome.
(0 (1 Rio2) (2 (3 (4 was) (5 awesome)) (6 .)))
  0:  0.0658  0.3309  0.3571  0.1981  0.0481
  1:  0.0286  0.1441  0.6307  0.1541  0.0425
  2:  0.0362  0.1878  0.5824  0.1643  0.0292
  3:  0.0415  0.2404  0.4881  0.1962  0.0339
  4:  0.0003  0.0022  0.9960  0.0009  0.0004
  5:  0.0706  0.2020  0.2223  0.3551  0.1499
  6:  0.0004  0.0012  0.9965  0.0013  0.0005
It's been twice I watched rio2 and I jut can't get enough.
(0 (1 (2 (3 (4 It) (5 (6 's) (7 (8 been) (9 (10 twice) (11 (12 I) (13 (14 watched) (15 rio2))))))) (16 and)) (17 (18 I) (19 (20 jut) (21 (22 (23 ca) (24 n't)) (25 (26 get) (27 enough)))))) (28 .))
  0:  0.3804  0.5052  0.0676  0.0156  0.0311
  1:  0.3030  0.5115  0.1133  0.0360  0.0362
  2:  0.1344  0.6021  0.1836  0.0589  0.0210
  3:  0.1269  0.5427  0.2280  0.0774  0.0250
  4:  0.0003  0.0019  0.9958  0.0015  0.0005
  5:  0.0935  0.4841  0.2740  0.1145  0.0340
  6:  0.0008  0.0016  0.9945  0.0021  0.0010
  7:  0.0744  0.4669  0.2073  0.2148  0.0366
  8:  0.0006  0.0050  0.9920  0.0019  0.0005
  9:  0.0328  0.1888  0.3131  0.4188  0.0465
  10:  0.0009  0.0029  0.9862  0.0070  0.0029
  11:  0.0079  0.0687  0.8251  0.0914  0.0069
  12:  0.0003  0.0012  0.9962  0.0017  0.0006
  13:  0.0065  0.0585  0.8961  0.0349  0.0040
  14:  0.0071  0.0556  0.8967  0.0339  0.0067
  15:  0.0286  0.1441  0.6307  0.1541  0.0425
  16:  0.0003  0.0015  0.9960  0.0017  0.0005
  17:  0.0497  0.3048  0.3674  0.2444  0.0337
  18:  0.0003  0.0012  0.9962  0.0017  0.0006
  19:  0.0418  0.3181  0.4795  0.1326  0.0280
  20:  0.0286  0.1441  0.6307  0.1541  0.0425
  21:  0.0298  0.4007  0.5005  0.0665  0.0025
  22:  0.0003  0.0123  0.9871  0.0003  0.0000
  23:  0.0001  0.0009  0.9981  0.0008  0.0001
  24:  0.0006  0.0033  0.9945  0.0014  0.0002
  25:  0.0061  0.0677  0.7752  0.1460  0.0049
  26:  0.0004  0.0028  0.9937  0.0025  0.0006
  27:  0.0003  0.0017  0.9948  0.0027  0.0005
  28:  0.0004  0.0012  0.9965  0.0013  0.0005
I love it.
(0 (1 I) (2 (3 (4 love) (5 it)) (6 .)))
  0:  0.0035  0.0067  0.1750  0.6471  0.1677
  1:  0.0003  0.0012  0.9962  0.0017  0.0006
  2:  0.0032  0.0076  0.1681  0.7054  0.1157
  3:  0.0062  0.0133  0.4436  0.4211  0.1158
  4:  0.0183  0.0252  0.0387  0.0228  0.8950
  5:  0.0006  0.0019  0.9928  0.0036  0.0011
  6:  0.0004  0.0012  0.9965  0.0013  0.0005
i saw rio 2 yesterday and the theater was packed with a bunch of 3 years olds oh my god.
(0 (1 (2 (3 (4 i) (5 (6 (7 saw) (8 rio)) (9 (10 2) (11 yesterday)))) (12 and)) (13 (14 (15 the) (16 theater)) (17 (18 was) (19 (20 (21 packed) (22 (23 with) (24 (25 (26 a) (27 bunch)) (28 (29 of) (30 (31 3) (32 (33 years) (34 olds))))))) (35 (36 oh) (37 (38 my) (39 god))))))) (40 .))
  0:  0.1666  0.6153  0.1681  0.0318  0.0182
  1:  0.1248  0.6235  0.1756  0.0553  0.0209
  2:  0.0103  0.0932  0.7165  0.1671  0.0129
  3:  0.0154  0.1100  0.7103  0.1449  0.0193
  4:  0.0273  0.1121  0.5911  0.2127  0.0567
  5:  0.0033  0.0240  0.9425  0.0278  0.0024
  6:  0.0123  0.1066  0.7982  0.0744  0.0085
  7:  0.0003  0.0016  0.9969  0.0010  0.0003
  8:  0.0286  0.1441  0.6307  0.1541  0.0425
  9:  0.0002  0.0015  0.9876  0.0103  0.0004
  10:  0.0001  0.0004  0.9992  0.0002  0.0001
  11:  0.0007  0.0016  0.9935  0.0021  0.0021
  12:  0.0003  0.0015  0.9960  0.0017  0.0005
  13:  0.0900  0.6119  0.2014  0.0801  0.0167
  14:  0.0008  0.0102  0.9656  0.0221  0.0012
  15:  0.0004  0.0025  0.9941  0.0024  0.0006
  16:  0.0023  0.0519  0.0119  0.9302  0.0037
  17:  0.0890  0.5032  0.1999  0.1677  0.0402
  18:  0.0003  0.0022  0.9960  0.0009  0.0004
  19:  0.0647  0.3100  0.2453  0.3153  0.0647
  20:  0.0163  0.0768  0.3803  0.4807  0.0459
  21:  0.0017  0.0074  0.9656  0.0184  0.0070
  22:  0.0025  0.0382  0.9241  0.0333  0.0019
  23:  0.0007  0.0030  0.9917  0.0035  0.0011
  24:  0.0042  0.0742  0.9038  0.0168  0.0010
  25:  0.0014  0.0196  0.9704  0.0078  0.0007
  26:  0.0007  0.0032  0.9902  0.0046  0.0013
  27:  0.0017  0.0110  0.9835  0.0026  0.0012
  28:  0.0019  0.0376  0.9429  0.0167  0.0009
  29:  0.0006  0.0030  0.9934  0.0020  0.0009
  30:  0.0032  0.0431  0.9406  0.0124  0.0008
  31:  0.0006  0.0048  0.9932  0.0011  0.0004
  32:  0.0057  0.0454  0.8807  0.0630  0.0052
  33:  0.0003  0.0009  0.9979  0.0003  0.0006
  34:  0.0286  0.1441  0.6307  0.1541  0.0425
  35:  0.0328  0.2716  0.5791  0.1034  0.0131
  36:  0.0042  0.0299  0.9467  0.0156  0.0036
  37:  0.0060  0.0663  0.8276  0.0953  0.0048
  38:  0.0001  0.0009  0.9978  0.0011  0.0001
  39:  0.0153  0.0634  0.7771  0.1090  0.0352
  40:  0.0004  0.0012  0.9965  0.0013  0.0005
A day out with the lil' sis  Rio 2 was good.
(0 (1 (2 A) (3 day)) (4 (5 (6 out) (7 (8 (9 with) (10 (11 (12 the) (13 (14 lil) (15 '))) (16 (17 sis) (18 Rio)))) (19 2))) (20 (21 (22 was) (23 good)) (24 .))))
  0:  0.0175  0.0792  0.2631  0.5776  0.0626
  1:  0.0007  0.0044  0.9180  0.0724  0.0046
  2:  0.0004  0.0019  0.9951  0.0018  0.0007
  3:  0.0003  0.0008  0.9962  0.0019  0.0008
  4:  0.0327  0.1807  0.3770  0.3615  0.0481
  5:  0.0135  0.2609  0.6714  0.0511  0.0032
  6:  0.0120  0.9451  0.0242  0.0155  0.0031
  7:  0.0035  0.0430  0.9082  0.0427  0.0026
  8:  0.0224  0.1942  0.5835  0.1818  0.0181
  9:  0.0007  0.0030  0.9917  0.0035  0.0011
  10:  0.0272  0.2115  0.5970  0.1469  0.0174
  11:  0.0035  0.0327  0.9098  0.0505  0.0035
  12:  0.0004  0.0025  0.9941  0.0024  0.0006
  13:  0.0083  0.0670  0.8437  0.0716  0.0093
  14:  0.0286  0.1441  0.6307  0.1541  0.0425
  15:  0.0002  0.0012  0.9975  0.0007  0.0003
  16:  0.0289  0.1778  0.5831  0.1794  0.0308
  17:  0.0286  0.1441  0.6307  0.1541  0.0425
  18:  0.0286  0.1441  0.6307  0.1541  0.0425
  19:  0.0001  0.0004  0.9992  0.0002  0.0001
  20:  0.0112  0.0384  0.1241  0.7243  0.1021
  21:  0.0088  0.0421  0.0711  0.8142  0.0639
  22:  0.0003  0.0022  0.9960  0.0009  0.0004
  23:  0.0007  0.0049  0.0020  0.9874  0.0050
  24:  0.0004  0.0012  0.9965  0.0013  0.0005
Me and Papi getting ready for Rio 2 3D style!
(0 (1 (2 (3 (4 Me) (5 and)) (6 Papi)) (7 (8 getting) (9 (10 (11 (12 ready) (13 (14 for) (15 (16 Rio) (17 2)))) (18 3D)) (19 style)))) (20 !))
  0:  0.0736  0.4335  0.3123  0.1421  0.0385
  1:  0.0419  0.3626  0.4550  0.1228  0.0177
  2:  0.0099  0.0598  0.7880  0.1271  0.0151
  3:  0.0018  0.0137  0.9274  0.0540  0.0031
  4:  0.0006  0.0020  0.9958  0.0010  0.0007
  5:  0.0003  0.0015  0.9960  0.0017  0.0005
  6:  0.0286  0.1441  0.6307  0.1541  0.0425
  7:  0.0194  0.1669  0.7354  0.0707  0.0075
  8:  0.0003  0.0022  0.9961  0.0013  0.0002
  9:  0.0225  0.1846  0.5401  0.2370  0.0160
  10:  0.0168  0.1272  0.7824  0.0650  0.0086
  11:  0.0187  0.1860  0.6822  0.1038  0.0093
  12:  0.0073  0.0298  0.9505  0.0090  0.0034
  13:  0.0020  0.0186  0.9237  0.0535  0.0021
  14:  0.0009  0.0041  0.9920  0.0023  0.0008
  15:  0.0022  0.0206  0.9214  0.0523  0.0035
  16:  0.0286  0.1441  0.6307  0.1541  0.0425
  17:  0.0001  0.0004  0.9992  0.0002  0.0001
  18:  0.0038  0.0147  0.9655  0.0077  0.0083
  19:  0.0004  0.0011  0.9938  0.0037  0.0011
  20:  0.0001  0.0002  0.9991  0.0004  0.0001
Good time spent with name n ofcrse tiu.
(0 (1 (2 Good) (3 time)) (4 (5 (6 spent) (7 (8 with) (9 (10 name) (11 (12 n) (13 (14 ofcrse) (15 tiu)))))) (16 .)))
  0:  0.1157  0.3641  0.2364  0.2032  0.0807
  1:  0.0153  0.0899  0.2813  0.5441  0.0695
  2:  0.0057  0.0283  0.0157  0.9301  0.0203
  3:  0.0001  0.0006  0.9989  0.0002  0.0001
  4:  0.0943  0.4835  0.3020  0.0926  0.0276
  5:  0.0652  0.4271  0.3498  0.1331  0.0249
  6:  0.0017  0.0118  0.9762  0.0087  0.0017
  7:  0.0267  0.1849  0.5027  0.2554  0.0303
  8:  0.0007  0.0030  0.9917  0.0035  0.0011
  9:  0.0337  0.2080  0.4955  0.2289  0.0339
  10:  0.0004  0.0021  0.9954  0.0015  0.0006
  11:  0.0435  0.2284  0.4372  0.2408  0.0501
  12:  0.0594  0.2006  0.2536  0.4022  0.0841
  13:  0.0289  0.1778  0.5831  0.1794  0.0308
  14:  0.0286  0.1441  0.6307  0.1541  0.0425
  15:  0.0286  0.1441  0.6307  0.1541  0.0425
  16:  0.0004  0.0012  0.9965  0.0013  0.0005
Been to see Rio 2, great movie.
(0 (1 (2 Been) (3 (4 to) (5 (6 see) (7 (8 (9 (10 Rio) (11 2)) (12 ,)) (13 (14 great) (15 movie)))))) (16 .))
  0:  0.1696  0.4801  0.0608  0.1579  0.1316
  1:  0.1475  0.4373  0.1201  0.1570  0.1380
  2:  0.0098  0.0588  0.9215  0.0066  0.0032
  3:  0.0089  0.0162  0.0625  0.6650  0.2474
  4:  0.0009  0.0034  0.9901  0.0044  0.0012
  5:  0.0074  0.0077  0.0253  0.5776  0.3820
  6:  0.0003  0.0014  0.9941  0.0034  0.0007
  7:  0.0080  0.0064  0.0293  0.4079  0.5484
  8:  0.0054  0.0408  0.7860  0.1594  0.0084
  9:  0.0022  0.0206  0.9214  0.0523  0.0035
  10:  0.0286  0.1441  0.6307  0.1541  0.0425
  11:  0.0001  0.0004  0.9992  0.0002  0.0001
  12:  0.0004  0.0012  0.9965  0.0013  0.0005
  13:  0.0110  0.0104  0.0145  0.5220  0.4421
  14:  0.0291  0.0156  0.0135  0.0336  0.9081
  15:  0.0001  0.0010  0.9984  0.0004  0.0001
  16:  0.0004  0.0012  0.9965  0.0013  0.0005
