gas by my house hit $ 3.39 !
(0 (1 (2 (3 gas) (4 (5 by) (6 (7 my) (8 (9 house) (10 hit))))) (11 (12 $) (13 3.39))) (14 !))
  0:  0.0736  0.4828  0.3338  0.0861  0.0236
  1:  0.0461  0.4123  0.4482  0.0802  0.0132
  2:  0.0301  0.2731  0.5343  0.1458  0.0166
  3:  0.0033  0.0208  0.9421  0.0275  0.0063
  4:  0.0239  0.2373  0.5674  0.1599  0.0115
  5:  0.0002  0.0012  0.9970  0.0013  0.0003
  6:  0.0107  0.1269  0.7158  0.1400  0.0066
  7:  0.0001  0.0009  0.9978  0.0011  0.0001
  8:  0.0245  0.1807  0.5352  0.2353  0.0242
  9:  0.0021  0.0088  0.9848  0.0032  0.0010
  10:  0.0062  0.0344  0.0252  0.9090  0.0253
  11:  0.0090  0.0813  0.8630  0.0422  0.0045
  12:  0.0011  0.0050  0.9909  0.0025  0.0006
  13:  0.0286  0.1441  0.6307  0.1541  0.0425
  14:  0.0001  0.0002  0.9991  0.0004  0.0001
i'm going to chapel hill on sat .
(0 (1 i) (2 (3 (4 'm) (5 (6 going) (7 (8 to) (9 (10 (11 chapel) (12 hill)) (13 (14 on) (15 sat)))))) (16 .)))
  0:  0.0779  0.3757  0.3821  0.1240  0.0403
  1:  0.0273  0.1121  0.5911  0.2127  0.0567
  2:  0.0562  0.3934  0.4095  0.1226  0.0184
  3:  0.0265  0.2351  0.6162  0.1110  0.0112
  4:  0.0038  0.0381  0.9344  0.0198  0.0039
  5:  0.0200  0.2331  0.5280  0.2070  0.0119
  6:  0.0002  0.0009  0.9980  0.0007  0.0002
  7:  0.0112  0.1065  0.7812  0.0935  0.0075
  8:  0.0009  0.0034  0.9901  0.0044  0.0012
  9:  0.0220  0.1878  0.6041  0.1686  0.0175
  10:  0.0082  0.0600  0.8137  0.1060  0.0121
  11:  0.0286  0.1441  0.6307  0.1541  0.0425
  12:  0.0041  0.0159  0.9324  0.0353  0.0123
  13:  0.0080  0.0582  0.8491  0.0781  0.0066
  14:  0.0007  0.0031  0.9942  0.0014  0.0007
  15:  0.0286  0.1441  0.6307  0.1541  0.0425
  16:  0.0004  0.0012  0.9965  0.0013  0.0005
i am happy.
(0 (1 i) (2 (3 (4 am) (5 happy)) (6 .)))
  0:  0.0180  0.0462  0.2270  0.5272  0.1815
  1:  0.0273  0.1121  0.5911  0.2127  0.0567
  2:  0.0140  0.0436  0.1716  0.6566  0.1141
  3:  0.0180  0.0496  0.2845  0.5632  0.0847
  4:  0.0062  0.0283  0.9573  0.0048  0.0034
  5:  0.0269  0.0200  0.0192  0.1737  0.7602
  6:  0.0004  0.0012  0.9965  0.0013  0.0005
theo walcott is still shit , watch rafa and johnny deal with him on saturday .
(0 (1 (2 theo) (3 walcott)) (4 (5 (6 (7 is) (8 still)) (9 (10 (11 (12 (13 (14 shit) (15 (16 ,) (17 (18 watch) (19 rafa)))) (20 and)) (21 (22 johnny) (23 deal))) (24 (25 with) (26 him))) (27 (28 on) (29 saturday)))) (30 .)))
  0:  0.1536  0.6224  0.1841  0.0257  0.0142
  1:  0.0289  0.1778  0.5831  0.1794  0.0308
  2:  0.0286  0.1441  0.6307  0.1541  0.0425
  3:  0.0286  0.1441  0.6307  0.1541  0.0425
  4:  0.1089  0.6330  0.2315  0.0204  0.0062
  5:  0.0757  0.6402  0.2533  0.0244  0.0065
  6:  0.0006  0.0049  0.9705  0.0230  0.0010
  7:  0.0008  0.0038  0.9894  0.0047  0.0013
  8:  0.0002  0.0009  0.9982  0.0005  0.0002
  9:  0.0749  0.6137  0.2704  0.0319  0.0090
  10:  0.0540  0.4134  0.4694  0.0500  0.0133
  11:  0.0649  0.4058  0.3933  0.1095  0.0265
  12:  0.0379  0.2958  0.4513  0.1880  0.0270
  13:  0.0452  0.2939  0.4213  0.2041  0.0354
  14:  0.0286  0.1441  0.6307  0.1541  0.0425
  15:  0.0195  0.1317  0.7026  0.1333  0.0130
  16:  0.0004  0.0012  0.9965  0.0013  0.0005
  17:  0.0171  0.1110  0.6466  0.2081  0.0173
  18:  0.0004  0.0033  0.9928  0.0028  0.0007
  19:  0.0286  0.1441  0.6307  0.1541  0.0425
  20:  0.0003  0.0015  0.9960  0.0017  0.0005
  21:  0.0086  0.0758  0.8549  0.0536  0.0071
  22:  0.0286  0.1441  0.6307  0.1541  0.0425
  23:  0.0021  0.0096  0.9851  0.0019  0.0013
  24:  0.0015  0.0147  0.9510  0.0309  0.0018
  25:  0.0007  0.0030  0.9917  0.0035  0.0011
  26:  0.0010  0.0045  0.9911  0.0026  0.0008
  27:  0.0080  0.0582  0.8491  0.0781  0.0066
  28:  0.0007  0.0031  0.9942  0.0014  0.0007
  29:  0.0286  0.1441  0.6307  0.1541  0.0425
  30:  0.0004  0.0012  0.9965  0.0013  0.0005
its not that i'm a get some p***y fan , i just hate nick diaz .
(0 (1 (2 its) (3 (4 (5 not) (6 that)) (7 i))) (8 (9 (10 'm) (11 (12 a) (13 (14 (15 get) (16 (17 some) (18 (19 p) (20 (21 ***) (22 (23 y) (24 fan)))))) (25 (26 ,) (27 (28 i) (29 (30 just) (31 (32 hate) (33 (34 nick) (35 diaz))))))))) (36 .)))
  0:  0.1746  0.6389  0.1658  0.0138  0.0069
  1:  0.0042  0.0546  0.9009  0.0381  0.0023
  2:  0.0003  0.0018  0.9943  0.0030  0.0005
  3:  0.0073  0.0774  0.8777  0.0344  0.0032
  4:  0.0065  0.1237  0.8463  0.0217  0.0018
  5:  0.0101  0.9741  0.0053  0.0087  0.0017
  6:  0.0010  0.0025  0.9912  0.0042  0.0012
  7:  0.0273  0.1121  0.5911  0.2127  0.0567
  8:  0.2308  0.5964  0.1541  0.0117  0.0070
  9:  0.1702  0.6395  0.1695  0.0139  0.0069
  10:  0.0038  0.0381  0.9344  0.0198  0.0039
  11:  0.1948  0.7079  0.0806  0.0088  0.0079
  12:  0.0007  0.0032  0.9902  0.0046  0.0013
  13:  0.1880  0.6482  0.1296  0.0213  0.0128
  14:  0.0475  0.3925  0.4103  0.1334  0.0163
  15:  0.0004  0.0028  0.9937  0.0025  0.0006
  16:  0.0346  0.2549  0.3985  0.2803  0.0317
  17:  0.0005  0.0024  0.9955  0.0010  0.0005
  18:  0.0355  0.2026  0.4676  0.2540  0.0403
  19:  0.0167  0.1047  0.6894  0.1679  0.0212
  20:  0.0379  0.1869  0.3459  0.3634  0.0660
  21:  0.0286  0.1441  0.6307  0.1541  0.0425
  22:  0.0225  0.1169  0.4301  0.3717  0.0588
  23:  0.0271  0.1841  0.4565  0.2960  0.0363
  24:  0.0038  0.0449  0.0267  0.9074  0.0171
  25:  0.1193  0.5274  0.2745  0.0600  0.0188
  26:  0.0004  0.0012  0.9965  0.0013  0.0005
  27:  0.1233  0.4632  0.2722  0.0981  0.0432
  28:  0.0273  0.1121  0.5911  0.2127  0.0567
  29:  0.1367  0.4943  0.2244  0.1054  0.0391
  30:  0.0005  0.0019  0.9959  0.0012  0.0004
  31:  0.1322  0.4282  0.2178  0.1506  0.0712
  32:  0.4785  0.2628  0.0420  0.0764  0.1404
  33:  0.0289  0.1778  0.5831  0.1794  0.0308
  34:  0.0286  0.1441  0.6307  0.1541  0.0425
  35:  0.0286  0.1441  0.6307  0.1541  0.0425
  36:  0.0004  0.0012  0.9965  0.0013  0.0005
can't wait for february .
(0 (1 (2 (3 ca) (4 n't)) (5 (6 wait) (7 (8 for) (9 february)))) (10 .))
  0:  0.0820  0.5753  0.2035  0.1259  0.0134
  1:  0.0641  0.5147  0.3340  0.0804  0.0068
  2:  0.0003  0.0123  0.9871  0.0003  0.0000
  3:  0.0001  0.0009  0.9981  0.0008  0.0001
  4:  0.0006  0.0033  0.9945  0.0014  0.0002
  5:  0.0460  0.3674  0.4058  0.1591  0.0218
  6:  0.0028  0.0160  0.9674  0.0106  0.0032
  7:  0.0097  0.0725  0.8206  0.0898  0.0074
  8:  0.0009  0.0041  0.9920  0.0023  0.0008
  9:  0.0286  0.1441  0.6307  0.1541  0.0425
  10:  0.0004  0.0012  0.9965  0.0013  0.0005
iranian general says israel's iron dome can't deal with their missiles ( keep talking like that and we may end up finding out ) .
(0 (1 (2 iranian) (3 general)) (4 (5 (6 says) (7 (8 (9 (10 israel) (11 's)) (12 (13 iron) (14 dome))) (15 (16 (17 ca) (18 n't)) (19 (20 (21 deal) (22 (23 with) (24 (25 their) (26 missiles)))) (27 (28 -LRB-) (29 (30 (31 keep) (32 (33 talking) (34 (35 like) (36 (37 (38 that) (39 and)) (40 (41 we) (42 (43 may) (44 (45 (46 end) (47 up)) (48 (49 finding) (50 out))))))))) (51 -RRB-))))))) (52 .)))
  0:  0.1156  0.5721  0.2542  0.0421  0.0159
  1:  0.0148  0.0895  0.6945  0.1739  0.0273
  2:  0.0286  0.1441  0.6307  0.1541  0.0425
  3:  0.0004  0.0021  0.9926  0.0043  0.0007
  4:  0.1013  0.5758  0.2844  0.0293  0.0091
  5:  0.0798  0.5654  0.3115  0.0330  0.0102
  6:  0.0018  0.0130  0.9783  0.0054  0.0014
  7:  0.0796  0.5268  0.2900  0.0814  0.0222
  8:  0.0233  0.1671  0.6357  0.1527  0.0212
  9:  0.0055  0.0406  0.8842  0.0609  0.0088
  10:  0.0286  0.1441  0.6307  0.1541  0.0425
  11:  0.0008  0.0016  0.9945  0.0021  0.0010
  12:  0.0289  0.1778  0.5831  0.1794  0.0308
  13:  0.0286  0.1441  0.6307  0.1541  0.0425
  14:  0.0286  0.1441  0.6307  0.1541  0.0425
  15:  0.0671  0.4988  0.2858  0.1383  0.0100
  16:  0.0003  0.0123  0.9871  0.0003  0.0000
  17:  0.0001  0.0009  0.9981  0.0008  0.0001
  18:  0.0006  0.0033  0.9945  0.0014  0.0002
  19:  0.0377  0.2432  0.4106  0.2704  0.0381
  20:  0.0077  0.0591  0.7944  0.1306  0.0081
  21:  0.0021  0.0096  0.9851  0.0019  0.0013
  22:  0.0037  0.0312  0.7612  0.1947  0.0093
  23:  0.0007  0.0030  0.9917  0.0035  0.0011
  24:  0.0034  0.0293  0.8893  0.0730  0.0050
  25:  0.0002  0.0011  0.9967  0.0018  0.0003
  26:  0.0286  0.1441  0.6307  0.1541  0.0425
  27:  0.0342  0.1749  0.4538  0.2834  0.0538
  28:  0.0219  0.1073  0.6341  0.1858  0.0509
  29:  0.0203  0.1099  0.5189  0.3080  0.0429
  30:  0.0094  0.0668  0.5676  0.3360  0.0202
  31:  0.0006  0.0020  0.9948  0.0018  0.0008
  32:  0.0064  0.0760  0.7971  0.1149  0.0056
  33:  0.0003  0.0014  0.9977  0.0004  0.0003
  34:  0.0095  0.0887  0.6711  0.2220  0.0086
  35:  0.0004  0.0015  0.9948  0.0026  0.0007
  36:  0.0034  0.0318  0.8744  0.0863  0.0042
  37:  0.0016  0.0151  0.9029  0.0774  0.0031
  38:  0.0010  0.0025  0.9912  0.0042  0.0012
  39:  0.0003  0.0015  0.9960  0.0017  0.0005
  40:  0.0042  0.0473  0.8890  0.0561  0.0034
  41:  0.0003  0.0015  0.9963  0.0016  0.0004
  42:  0.0064  0.0882  0.8457  0.0569  0.0028
  43:  0.0003  0.0022  0.9937  0.0034  0.0004
  44:  0.0054  0.0662  0.8390  0.0860  0.0033
  45:  0.0012  0.0135  0.9234  0.0601  0.0017
  46:  0.0001  0.0004  0.9992  0.0002  0.0001
  47:  0.0003  0.0008  0.9972  0.0009  0.0007
  48:  0.0027  0.0327  0.9399  0.0230  0.0017
  49:  0.0004  0.0026  0.9937  0.0028  0.0005
  50:  0.0120  0.9451  0.0242  0.0155  0.0031
  51:  0.0200  0.0821  0.7205  0.1352  0.0422
  52:  0.0004  0.0012  0.9965  0.0013  0.0005
with j davlar 11th .
(0 (1 (2 (3 with) (4 (5 j) (6 davlar))) (7 11th)) (8 .))
  0:  0.0608  0.3036  0.3647  0.2201  0.0508
  1:  0.0405  0.2643  0.4395  0.2179  0.0378
  2:  0.0272  0.1511  0.4001  0.3734  0.0482
  3:  0.0007  0.0030  0.9917  0.0035  0.0011
  4:  0.0330  0.1590  0.5330  0.2296  0.0453
  5:  0.0144  0.0582  0.8168  0.0850  0.0256
  6:  0.0286  0.1441  0.6307  0.1541  0.0425
  7:  0.0295  0.1536  0.6447  0.1350  0.0371
  8:  0.0004  0.0012  0.9965  0.0013  0.0005
main rivals are team poland .
(0 (1 (2 main) (3 rivals)) (4 (5 (6 are) (7 (8 team) (9 poland))) (10 .)))
  0:  0.0109  0.0520  0.4008  0.4920  0.0444
  1:  0.0020  0.0143  0.9124  0.0659  0.0054
  2:  0.0001  0.0012  0.9968  0.0017  0.0002
  3:  0.0164  0.0586  0.7495  0.1418  0.0336
  4:  0.0123  0.0687  0.5023  0.3860  0.0306
  5:  0.0077  0.0539  0.6183  0.3015  0.0186
  6:  0.0004  0.0030  0.9924  0.0034  0.0008
  7:  0.0081  0.0475  0.7003  0.2255  0.0186
  8:  0.0016  0.0159  0.0200  0.9550  0.0075
  9:  0.0286  0.1441  0.6307  0.1541  0.0425
  10:  0.0004  0.0012  0.9965  0.0013  0.0005
hopefully we an make it a successful end to a tough week of training tomorrow .
(0 (1 hopefully) (2 (3 (4 we) (5 an)) (6 (7 (8 make) (9 (10 it) (11 (12 (13 a) (14 (15 successful) (16 end))) (17 (18 to) (19 (20 (21 a) (22 (23 tough) (24 week))) (25 (26 of) (27 (28 training) (29 tomorrow)))))))) (30 .))))
  0:  0.0041  0.0127  0.0717  0.8174  0.0940
  1:  0.0020  0.0096  0.9484  0.0323  0.0077
  2:  0.0111  0.0300  0.1891  0.6390  0.1308
  3:  0.0007  0.0052  0.9791  0.0140  0.0010
  4:  0.0003  0.0015  0.9963  0.0016  0.0004
  5:  0.0005  0.0030  0.9932  0.0027  0.0005
  6:  0.0108  0.0354  0.1392  0.6945  0.1200
  7:  0.0102  0.0382  0.1273  0.7430  0.0814
  8:  0.0006  0.0013  0.9966  0.0008  0.0007
  9:  0.0131  0.0489  0.1456  0.6852  0.1072
  10:  0.0006  0.0019  0.9928  0.0036  0.0011
  11:  0.0079  0.0292  0.1780  0.6720  0.1129
  12:  0.0051  0.0064  0.0171  0.6526  0.3188
  13:  0.0007  0.0032  0.9902  0.0046  0.0013
  14:  0.0074  0.0161  0.0248  0.7369  0.2148
  15:  0.0396  0.0448  0.0189  0.1159  0.7808
  16:  0.0001  0.0004  0.9992  0.0002  0.0001
  17:  0.0138  0.1797  0.7693  0.0336  0.0036
  18:  0.0009  0.0034  0.9901  0.0044  0.0012
  19:  0.0248  0.2876  0.6437  0.0390  0.0049
  20:  0.0192  0.1833  0.7526  0.0387  0.0062
  21:  0.0007  0.0032  0.9902  0.0046  0.0013
  22:  0.0186  0.2131  0.7003  0.0608  0.0073
  23:  0.0034  0.0147  0.9647  0.0135  0.0036
  24:  0.0008  0.0057  0.9924  0.0009  0.0003
  25:  0.0021  0.0282  0.9363  0.0316  0.0017
  26:  0.0006  0.0030  0.9934  0.0020  0.0009
  27:  0.0064  0.0650  0.8761  0.0481  0.0045
  28:  0.0214  0.2324  0.4727  0.2552  0.0183
  29:  0.0055  0.0149  0.9406  0.0285  0.0105
  30:  0.0004  0.0012  0.9965  0.0013  0.0005
talking about act's and sat's , deciding where i want to go to college , applying to colleges and everything about college stresses me out .
(0 (1 (2 (3 (4 (5 (6 (7 talking) (8 (9 about) (10 (11 (12 (13 act) (14 's)) (15 and)) (16 (17 sat) (18 's))))) (19 ,)) (20 (21 deciding) (22 (23 where) (24 (25 i) (26 (27 want) (28 (29 to) (30 (31 go) (32 (33 to) (34 college))))))))) (35 ,)) (36 (37 applying) (38 (39 to) (40 (41 (42 colleges) (43 and)) (44 everything))))) (45 (46 about) (47 college))) (48 (49 (50 (51 stresses) (52 me)) (53 out)) (54 .)))
  0:  0.1986  0.6297  0.1098  0.0364  0.0256
  1:  0.0823  0.4938  0.3257  0.0750  0.0232
  2:  0.1010  0.4568  0.2762  0.1285  0.0375
  3:  0.0759  0.4759  0.3702  0.0638  0.0142
  4:  0.0511  0.4224  0.4338  0.0798  0.0129
  5:  0.0021  0.0174  0.8902  0.0880  0.0023
  6:  0.0005  0.0053  0.9735  0.0201  0.0006
  7:  0.0003  0.0014  0.9977  0.0004  0.0003
  8:  0.0014  0.0117  0.9402  0.0448  0.0019
  9:  0.0008  0.0051  0.9912  0.0020  0.0010
  10:  0.0013  0.0109  0.9485  0.0373  0.0020
  11:  0.0007  0.0090  0.9509  0.0383  0.0010
  12:  0.0012  0.0118  0.9673  0.0187  0.0010
  13:  0.0003  0.0024  0.9947  0.0022  0.0003
  14:  0.0008  0.0016  0.9945  0.0021  0.0010
  15:  0.0003  0.0015  0.9960  0.0017  0.0005
  16:  0.0055  0.0406  0.8842  0.0609  0.0088
  17:  0.0286  0.1441  0.6307  0.1541  0.0425
  18:  0.0008  0.0016  0.9945  0.0021  0.0010
  19:  0.0004  0.0012  0.9965  0.0013  0.0005
  20:  0.0422  0.3746  0.4982  0.0701  0.0150
  21:  0.0638  0.2987  0.3906  0.1877  0.0593
  22:  0.0237  0.2546  0.6436  0.0709  0.0073
  23:  0.0006  0.0035  0.9928  0.0028  0.0004
  24:  0.0231  0.1536  0.6211  0.1747  0.0274
  25:  0.0273  0.1121  0.5911  0.2127  0.0567
  26:  0.0111  0.0901  0.7679  0.1230  0.0079
  27:  0.0009  0.0051  0.9861  0.0069  0.0010
  28:  0.0035  0.0391  0.8874  0.0666  0.0033
  29:  0.0009  0.0034  0.9901  0.0044  0.0012
  30:  0.0064  0.0793  0.7613  0.1473  0.0057
  31:  0.0004  0.0015  0.9967  0.0011  0.0004
  32:  0.0067  0.0639  0.7814  0.1396  0.0083
  33:  0.0009  0.0034  0.9901  0.0044  0.0012
  34:  0.0074  0.0945  0.0263  0.8595  0.0122
  35:  0.0004  0.0012  0.9965  0.0013  0.0005
  36:  0.0100  0.0528  0.5652  0.3390  0.0329
  37:  0.0052  0.0211  0.8819  0.0773  0.0144
  38:  0.0091  0.0628  0.6590  0.2530  0.0161
  39:  0.0009  0.0034  0.9901  0.0044  0.0012
  40:  0.0111  0.0724  0.6061  0.2845  0.0260
  41:  0.0116  0.0858  0.6657  0.2170  0.0198
  42:  0.0286  0.1441  0.6307  0.1541  0.0425
  43:  0.0003  0.0015  0.9960  0.0017  0.0005
  44:  0.0003  0.0027  0.9932  0.0034  0.0004
  45:  0.0046  0.0429  0.8029  0.1426  0.0070
  46:  0.0008  0.0051  0.9912  0.0020  0.0010
  47:  0.0074  0.0945  0.0263  0.8595  0.0122
  48:  0.0765  0.4033  0.2753  0.1999  0.0450
  49:  0.0381  0.2861  0.4894  0.1599  0.0264
  50:  0.0196  0.1495  0.6195  0.1870  0.0244
  51:  0.0286  0.1441  0.6307  0.1541  0.0425
  52:  0.0019  0.0403  0.0091  0.9462  0.0025
  53:  0.0120  0.9451  0.0242  0.0155  0.0031
  54:  0.0004  0.0012  0.9965  0.0013  0.0005
they may have a superbowl in dallas , but dallas am not winning a superbowl .
(0 (1 (2 (3 (4 (5 they) (6 (7 may) (8 (9 have) (10 (11 (12 a) (13 superbowl)) (14 (15 in) (16 dallas)))))) (17 ,)) (18 but)) (19 (20 dallas) (21 (22 (23 am) (24 not)) (25 (26 winning) (27 (28 a) (29 superbowl)))))) (30 .))
  0:  0.1264  0.5755  0.2402  0.0419  0.0161
  1:  0.0955  0.5524  0.2822  0.0548  0.0151
  2:  0.0279  0.3287  0.6004  0.0387  0.0043
  3:  0.0419  0.3977  0.4882  0.0652  0.0069
  4:  0.0179  0.2290  0.7106  0.0381  0.0044
  5:  0.0005  0.0042  0.9908  0.0039  0.0005
  6:  0.0277  0.2802  0.6002  0.0824  0.0095
  7:  0.0003  0.0022  0.9937  0.0034  0.0004
  8:  0.0215  0.1784  0.6354  0.1511  0.0136
  9:  0.0011  0.0038  0.9915  0.0027  0.0009
  10:  0.0245  0.1900  0.5955  0.1703  0.0197
  11:  0.0136  0.0867  0.7311  0.1500  0.0186
  12:  0.0007  0.0032  0.9902  0.0046  0.0013
  13:  0.0286  0.1441  0.6307  0.1541  0.0425
  14:  0.0083  0.0741  0.8162  0.0941  0.0073
  15:  0.0006  0.0031  0.9933  0.0022  0.0008
  16:  0.0286  0.1441  0.6307  0.1541  0.0425
  17:  0.0004  0.0012  0.9965  0.0013  0.0005
  18:  0.0018  0.0052  0.9897  0.0016  0.0018
  19:  0.0743  0.4709  0.3139  0.1130  0.0279
  20:  0.0286  0.1441  0.6307  0.1541  0.0425
  21:  0.0613  0.4425  0.3490  0.1303  0.0169
  22:  0.0170  0.2187  0.7410  0.0187  0.0046
  23:  0.0062  0.0283  0.9573  0.0048  0.0034
  24:  0.0101  0.9741  0.0053  0.0087  0.0017
  25:  0.0166  0.0541  0.2217  0.5873  0.1204
  26:  0.0057  0.0241  0.0115  0.9187  0.0401
  27:  0.0136  0.0867  0.7311  0.1500  0.0186
  28:  0.0007  0.0032  0.9902  0.0046  0.0013
  29:  0.0286  0.1441  0.6307  0.1541  0.0425
  30:  0.0004  0.0012  0.9965  0.0013  0.0005
not with that quarterback and owner .
(0 (1 not) (2 (3 (4 with) (5 (6 that) (7 (8 (9 quarterback) (10 and)) (11 owner)))) (12 .)))
  0:  0.0598  0.5874  0.2081  0.1301  0.0146
  1:  0.0101  0.9741  0.0053  0.0087  0.0017
  2:  0.0266  0.1279  0.4036  0.3879  0.0541
  3:  0.0190  0.1235  0.4408  0.3800  0.0367
  4:  0.0007  0.0030  0.9917  0.0035  0.0011
  5:  0.0235  0.1437  0.5532  0.2490  0.0306
  6:  0.0010  0.0025  0.9912  0.0042  0.0012
  7:  0.0304  0.1664  0.5144  0.2445  0.0442
  8:  0.0116  0.0858  0.6657  0.2170  0.0198
  9:  0.0286  0.1441  0.6307  0.1541  0.0425
  10:  0.0003  0.0015  0.9960  0.0017  0.0005
  11:  0.0286  0.1441  0.6307  0.1541  0.0425
  12:  0.0004  0.0012  0.9965  0.0013  0.0005
one ticket left for the target game tomorrow !
(0 (1 (2 one) (3 ticket)) (4 (5 (6 (7 left) (8 (9 for) (10 (11 the) (12 (13 target) (14 game))))) (15 tomorrow)) (16 !)))
  0:  0.0217  0.1906  0.7036  0.0754  0.0086
  1:  0.0048  0.0491  0.8886  0.0528  0.0048
  2:  0.0003  0.0016  0.9953  0.0020  0.0008
  3:  0.0013  0.0106  0.9829  0.0042  0.0010
  4:  0.0136  0.1182  0.8082  0.0542  0.0058
  5:  0.0185  0.1870  0.7522  0.0381  0.0042
  6:  0.0204  0.2623  0.6787  0.0355  0.0031
  7:  0.0034  0.0127  0.9795  0.0033  0.0011
  8:  0.0012  0.0090  0.9361  0.0521  0.0016
  9:  0.0009  0.0041  0.9920  0.0023  0.0008
  10:  0.0002  0.0017  0.9900  0.0079  0.0002
  11:  0.0004  0.0025  0.9941  0.0024  0.0006
  12:  0.0002  0.0030  0.9911  0.0054  0.0003
  13:  0.0008  0.0043  0.9928  0.0016  0.0006
  14:  0.0002  0.0011  0.9970  0.0013  0.0004
  15:  0.0055  0.0149  0.9406  0.0285  0.0105
  16:  0.0001  0.0002  0.9991  0.0004  0.0001
don't miss the rematch of the no f**king clue championship game against the ny giants !
(0 (1 (2 (3 do) (4 n't)) (5 (6 miss) (7 (8 (9 the) (10 rematch)) (11 (12 of) (13 (14 (15 the) (16 (17 (18 no) (19 (20 (21 f) (22 **)) (23 (24 king) (25 clue)))) (26 (27 championship) (28 game)))) (29 (30 against) (31 (32 the) (33 (34 ny) (35 giants))))))))) (36 !))
  0:  0.1403  0.5457  0.2553  0.0449  0.0138
  1:  0.0927  0.4354  0.4384  0.0273  0.0062
  2:  0.0013  0.0329  0.9629  0.0025  0.0004
  3:  0.0005  0.0030  0.9921  0.0036  0.0008
  4:  0.0006  0.0033  0.9945  0.0014  0.0002
  5:  0.1473  0.5938  0.2344  0.0146  0.0100
  6:  0.0457  0.7691  0.0731  0.0952  0.0169
  7:  0.1168  0.6568  0.1896  0.0271  0.0097
  8:  0.0073  0.0550  0.8457  0.0837  0.0082
  9:  0.0004  0.0025  0.9941  0.0024  0.0006
  10:  0.0286  0.1441  0.6307  0.1541  0.0425
  11:  0.1010  0.6475  0.2005  0.0386  0.0124
  12:  0.0006  0.0030  0.9934  0.0020  0.0009
  13:  0.1652  0.5297  0.2297  0.0500  0.0255
  14:  0.1404  0.6144  0.1483  0.0676  0.0293
  15:  0.0004  0.0025  0.9941  0.0024  0.0006
  16:  0.1414  0.5047  0.1922  0.1158  0.0459
  17:  0.1948  0.5270  0.1428  0.0911  0.0443
  18:  0.0172  0.9675  0.0031  0.0108  0.0014
  19:  0.1491  0.5794  0.1341  0.0908  0.0466
  20:  0.0942  0.4298  0.2554  0.1661  0.0546
  21:  0.0414  0.1700  0.6717  0.0771  0.0397
  22:  0.0286  0.1441  0.6307  0.1541  0.0425
  23:  0.0226  0.1816  0.6133  0.1607  0.0218
  24:  0.0201  0.0993  0.7555  0.0882  0.0369
  25:  0.0013  0.0141  0.9769  0.0063  0.0014
  26:  0.0061  0.0457  0.5352  0.3798  0.0332
  27:  0.0247  0.1617  0.1670  0.5738  0.0728
  28:  0.0002  0.0011  0.9970  0.0013  0.0004
  29:  0.0363  0.2795  0.4996  0.1639  0.0207
  30:  0.0006  0.0047  0.9919  0.0021  0.0007
  31:  0.0302  0.1593  0.4581  0.3064  0.0460
  32:  0.0004  0.0025  0.9941  0.0024  0.0006
  33:  0.0416  0.1958  0.3684  0.3264  0.0678
  34:  0.0286  0.1441  0.6307  0.1541  0.0425
  35:  0.0204  0.0826  0.6670  0.1866  0.0434
  36:  0.0001  0.0002  0.9991  0.0004  0.0001
hit me up !
(0 (1 (2 (3 hit) (4 me)) (5 up)) (6 !))
  0:  0.0072  0.0237  0.2534  0.6303  0.0854
  1:  0.0071  0.0411  0.6899  0.2385  0.0234
  2:  0.0053  0.0319  0.7538  0.1942  0.0147
  3:  0.0062  0.0344  0.0252  0.9090  0.0253
  4:  0.0019  0.0403  0.0091  0.9462  0.0025
  5:  0.0003  0.0008  0.9972  0.0009  0.0007
  6:  0.0001  0.0002  0.9991  0.0004  0.0001
never start working on your dreams and goals tomorrow ... tomorrow never comes ... if it means anything to you , act now !
(0 (1 (2 (3 (4 never) (5 (6 start) (7 (8 (9 (10 (11 working) (12 (13 on) (14 (15 your) (16 (17 (18 dreams) (19 and)) (20 goals))))) (21 tomorrow)) (22 ...)) (23 (24 tomorrow) (25 (26 never) (27 comes)))))) (28 ...)) (29 (30 (31 if) (32 (33 it) (34 (35 (36 means) (37 anything)) (38 (39 to) (40 you))))) (41 (42 ,) (43 (44 act) (45 now))))) (46 !))
  0:  0.0898  0.4255  0.2557  0.1720  0.0570
  1:  0.0552  0.3894  0.3944  0.1384  0.0226
  2:  0.0278  0.2600  0.6074  0.0950  0.0099
  3:  0.0442  0.3961  0.4003  0.1453  0.0141
  4:  0.0007  0.0083  0.9899  0.0009  0.0002
  5:  0.0188  0.1298  0.4967  0.3261  0.0286
  6:  0.0002  0.0007  0.9986  0.0003  0.0003
  7:  0.0236  0.1517  0.4184  0.3695  0.0368
  8:  0.0023  0.0145  0.6674  0.3019  0.0138
  9:  0.0042  0.0254  0.6193  0.3333  0.0178
  10:  0.0022  0.0130  0.6238  0.3487  0.0123
  11:  0.0007  0.0044  0.9892  0.0032  0.0025
  12:  0.0048  0.0305  0.6597  0.2942  0.0108
  13:  0.0007  0.0031  0.9942  0.0014  0.0007
  14:  0.0025  0.0145  0.7890  0.1864  0.0075
  15:  0.0002  0.0007  0.9984  0.0006  0.0001
  16:  0.0066  0.0257  0.6796  0.2405  0.0476
  17:  0.0036  0.0316  0.7985  0.1589  0.0073
  18:  0.0012  0.0064  0.9832  0.0070  0.0022
  19:  0.0003  0.0015  0.9960  0.0017  0.0005
  20:  0.0115  0.0549  0.0967  0.7942  0.0426
  21:  0.0055  0.0149  0.9406  0.0285  0.0105
  22:  0.0002  0.0012  0.9971  0.0011  0.0004
  23:  0.0323  0.2870  0.5101  0.1510  0.0196
  24:  0.0055  0.0149  0.9406  0.0285  0.0105
  25:  0.0296  0.3495  0.4357  0.1718  0.0133
  26:  0.0007  0.0083  0.9899  0.0009  0.0002
  27:  0.0018  0.0218  0.0137  0.9579  0.0048
  28:  0.0002  0.0012  0.9971  0.0011  0.0004
  29:  0.0087  0.0825  0.6430  0.2538  0.0121
  30:  0.0051  0.0334  0.7416  0.2102  0.0097
  31:  0.0015  0.0067  0.9855  0.0044  0.0018
  32:  0.0032  0.0169  0.5361  0.4276  0.0162
  33:  0.0006  0.0019  0.9928  0.0036  0.0011
  34:  0.0020  0.0113  0.6557  0.3203  0.0107
  35:  0.0009  0.0116  0.9105  0.0746  0.0023
  36:  0.0005  0.0018  0.9923  0.0029  0.0025
  37:  0.0003  0.0017  0.9970  0.0008  0.0002
  38:  0.0008  0.0047  0.9467  0.0452  0.0027
  39:  0.0009  0.0034  0.9901  0.0044  0.0012
  40:  0.0004  0.0017  0.9946  0.0026  0.0006
  41:  0.0019  0.0159  0.9416  0.0389  0.0017
  42:  0.0004  0.0012  0.9965  0.0013  0.0005
  43:  0.0006  0.0070  0.9817  0.0104  0.0004
  44:  0.0003  0.0024  0.9947  0.0022  0.0003
  45:  0.0002  0.0009  0.9981  0.0004  0.0004
  46:  0.0001  0.0002  0.9991  0.0004  0.0001
good morning thursday .
(0 (1 (2 (3 good) (4 morning)) (5 thursday)) (6 .))
  0:  0.0124  0.0404  0.1605  0.6738  0.1128
  1:  0.0142  0.0595  0.2909  0.5523  0.0831
  2:  0.0079  0.0315  0.1356  0.7626  0.0625
  3:  0.0007  0.0049  0.0020  0.9874  0.0050
  4:  0.0015  0.0082  0.9851  0.0038  0.0013
  5:  0.0286  0.1441  0.6307  0.1541  0.0425
  6:  0.0004  0.0012  0.9965  0.0013  0.0005
life is fragile .
(0 (1 life) (2 (3 (4 is) (5 fragile)) (6 .)))
  0:  0.0080  0.0390  0.5857  0.3419  0.0254
  1:  0.0006  0.0064  0.0044  0.9854  0.0032
  2:  0.0062  0.0446  0.8269  0.1154  0.0069
  3:  0.0031  0.0309  0.8995  0.0629  0.0036
  4:  0.0008  0.0038  0.9894  0.0047  0.0013
  5:  0.0012  0.0063  0.9873  0.0037  0.0015
  6:  0.0004  0.0012  0.9965  0.0013  0.0005
we're not guaranteed a tomorrow so give it everything you've got .
(0 (1 we) (2 (3 (4 (5 're) (6 not)) (7 (8 (9 guaranteed) (10 (11 a) (12 tomorrow))) (13 (14 so) (15 (16 (17 give) (18 it)) (19 (20 everything) (21 (22 you) (23 (24 've) (25 got)))))))) (26 .)))
  0:  0.0876  0.3408  0.2456  0.2548  0.0712
  1:  0.0003  0.0015  0.9963  0.0016  0.0004
  2:  0.0692  0.4250  0.1532  0.3039  0.0487
  3:  0.0478  0.2685  0.2642  0.3824  0.0370
  4:  0.0041  0.0780  0.9129  0.0042  0.0008
  5:  0.0003  0.0012  0.9973  0.0009  0.0003
  6:  0.0101  0.9741  0.0053  0.0087  0.0017
  7:  0.0027  0.0051  0.0341  0.8071  0.1509
  8:  0.0024  0.0104  0.6471  0.3165  0.0236
  9:  0.0012  0.0060  0.9632  0.0198  0.0099
  10:  0.0037  0.0241  0.8400  0.1242  0.0080
  11:  0.0007  0.0032  0.9902  0.0046  0.0013
  12:  0.0055  0.0149  0.9406  0.0285  0.0105
  13:  0.0058  0.0202  0.1582  0.7417  0.0741
  14:  0.0002  0.0022  0.9954  0.0018  0.0003
  15:  0.0062  0.0333  0.2974  0.6249  0.0382
  16:  0.0031  0.0217  0.7064  0.2567  0.0121
  17:  0.0013  0.0220  0.0055  0.9665  0.0048
  18:  0.0006  0.0019  0.9928  0.0036  0.0011
  19:  0.0034  0.0312  0.7596  0.2005  0.0054
  20:  0.0003  0.0027  0.9932  0.0034  0.0004
  21:  0.0020  0.0141  0.8138  0.1637  0.0065
  22:  0.0004  0.0017  0.9946  0.0026  0.0006
  23:  0.0010  0.0099  0.9327  0.0546  0.0018
  24:  0.0002  0.0017  0.9961  0.0016  0.0004
  25:  0.0002  0.0010  0.9953  0.0028  0.0006
  26:  0.0004  0.0012  0.9965  0.0013  0.0005
- tim cook [ do it for jobs !]
(0 (1 -) (2 (3 (4 tim) (5 (6 cook) (7 -LSB-))) (8 (9 (10 do) (11 it)) (12 (13 for) (14 (15 jobs) (16 (17 !) (18 -RSB-)))))))
  0:  0.0510  0.4221  0.4201  0.0927  0.0141
  1:  0.0004  0.0019  0.9962  0.0011  0.0004
  2:  0.0681  0.4098  0.3042  0.1798  0.0381
  3:  0.0410  0.2465  0.4790  0.1967  0.0368
  4:  0.0286  0.1441  0.6307  0.1541  0.0425
  5:  0.0289  0.1778  0.5831  0.1794  0.0308
  6:  0.0286  0.1441  0.6307  0.1541  0.0425
  7:  0.0286  0.1441  0.6307  0.1541  0.0425
  8:  0.0183  0.1280  0.5115  0.3176  0.0246
  9:  0.0005  0.0039  0.9645  0.0298  0.0012
  10:  0.0005  0.0030  0.9921  0.0036  0.0008
  11:  0.0006  0.0019  0.9928  0.0036  0.0011
  12:  0.0193  0.1265  0.6299  0.2063  0.0180
  13:  0.0009  0.0041  0.9920  0.0023  0.0008
  14:  0.0291  0.1762  0.4396  0.3131  0.0420
  15:  0.0286  0.1441  0.6307  0.1541  0.0425
  16:  0.0039  0.0234  0.8926  0.0731  0.0069
  17:  0.0001  0.0002  0.9991  0.0004  0.0001
  18:  0.0286  0.1441  0.6307  0.1541  0.0425
.
(0 .)
  0:  0.0004  0.0012  0.9965  0.0013  0.0005
twitition mcfly come back to argentina but this time we want to come to mar del plata !
(0 (1 (2 (3 (4 twitition) (5 (6 mcfly) (7 (8 (9 come) (10 back)) (11 (12 to) (13 argentina))))) (14 but)) (15 (16 (17 this) (18 time)) (19 (20 we) (21 (22 want) (23 (24 to) (25 (26 come) (27 (28 to) (29 (30 mar) (31 (32 del) (33 plata)))))))))) (34 !))
  0:  0.0407  0.3136  0.5369  0.0932  0.0157
  1:  0.0286  0.3134  0.5780  0.0720  0.0081
  2:  0.0168  0.1904  0.7131  0.0722  0.0075
  3:  0.0399  0.2618  0.4972  0.1707  0.0303
  4:  0.0286  0.1441  0.6307  0.1541  0.0425
  5:  0.0304  0.2199  0.5496  0.1746  0.0254
  6:  0.0286  0.1441  0.6307  0.1541  0.0425
  7:  0.0166  0.1342  0.6829  0.1540  0.0124
  8:  0.0020  0.0218  0.9377  0.0360  0.0025
  9:  0.0005  0.0019  0.9949  0.0020  0.0007
  10:  0.0002  0.0015  0.9968  0.0012  0.0002
  11:  0.0072  0.0581  0.8509  0.0770  0.0068
  12:  0.0009  0.0034  0.9901  0.0044  0.0012
  13:  0.0286  0.1441  0.6307  0.1541  0.0425
  14:  0.0018  0.0052  0.9897  0.0016  0.0018
  15:  0.0060  0.0587  0.8539  0.0775  0.0039
  16:  0.0004  0.0049  0.9862  0.0081  0.0004
  17:  0.0002  0.0009  0.9978  0.0009  0.0002
  18:  0.0001  0.0006  0.9989  0.0002  0.0001
  19:  0.0053  0.0509  0.8712  0.0681  0.0045
  20:  0.0003  0.0015  0.9963  0.0016  0.0004
  21:  0.0088  0.0749  0.8272  0.0834  0.0057
  22:  0.0009  0.0051  0.9861  0.0069  0.0010
  23:  0.0036  0.0396  0.9042  0.0498  0.0029
  24:  0.0009  0.0034  0.9901  0.0044  0.0012
  25:  0.0065  0.0715  0.8352  0.0816  0.0052
  26:  0.0005  0.0019  0.9949  0.0020  0.0007
  27:  0.0061  0.0628  0.8729  0.0541  0.0041
  28:  0.0009  0.0034  0.9901  0.0044  0.0012
  29:  0.0165  0.1565  0.6958  0.1187  0.0126
  30:  0.0127  0.0584  0.8600  0.0475  0.0214
  31:  0.0077  0.0566  0.8461  0.0810  0.0086
  32:  0.0074  0.0827  0.0313  0.8636  0.0150
  33:  0.0286  0.1441  0.6307  0.1541  0.0425
  34:  0.0001  0.0002  0.9991  0.0004  0.0001
my teachers call themselves givng us candy ... wasn't even the good stuff .
(0 (1 (2 (3 (4 (5 my) (6 teachers)) (7 (8 call) (9 (10 themselves) (11 (12 givng) (13 (14 us) (15 candy)))))) (16 ...)) (17 (18 (19 (20 was) (21 n't)) (22 even)) (23 (24 the) (25 (26 good) (27 stuff))))) (28 .))
  0:  0.0674  0.2288  0.1820  0.3936  0.1282
  1:  0.0543  0.2382  0.1781  0.4440  0.0853
  2:  0.0079  0.0671  0.6740  0.2385  0.0124
  3:  0.0108  0.0934  0.6050  0.2770  0.0138
  4:  0.0006  0.0086  0.9725  0.0176  0.0005
  5:  0.0001  0.0009  0.9978  0.0011  0.0001
  6:  0.0040  0.0136  0.9689  0.0097  0.0039
  7:  0.0146  0.0968  0.5941  0.2723  0.0223
  8:  0.0005  0.0044  0.9919  0.0029  0.0004
  9:  0.0152  0.0936  0.2665  0.5813  0.0435
  10:  0.0005  0.0016  0.9950  0.0023  0.0005
  11:  0.0164  0.0849  0.4891  0.3655  0.0441
  12:  0.0286  0.1441  0.6307  0.1541  0.0425
  13:  0.0034  0.0213  0.5903  0.3693  0.0157
  14:  0.0006  0.0078  0.0051  0.9825  0.0040
  15:  0.0016  0.0066  0.9800  0.0089  0.0029
  16:  0.0002  0.0012  0.9971  0.0011  0.0004
  17:  0.0488  0.2476  0.2751  0.3871  0.0414
  18:  0.0207  0.2762  0.6792  0.0220  0.0019
  19:  0.0101  0.4471  0.5358  0.0060  0.0010
  20:  0.0003  0.0022  0.9960  0.0009  0.0004
  21:  0.0006  0.0033  0.9945  0.0014  0.0002
  22:  0.0004  0.0021  0.9960  0.0013  0.0003
  23:  0.0069  0.0186  0.1388  0.7107  0.1250
  24:  0.0004  0.0025  0.9941  0.0024  0.0006
  25:  0.0052  0.0190  0.0126  0.8967  0.0664
  26:  0.0007  0.0049  0.0020  0.9874  0.0050
  27:  0.0005  0.0019  0.9948  0.0022  0.0007
  28:  0.0004  0.0012  0.9965  0.0013  0.0005
i might go to walmart or cvs tomorrow/.
(0 (1 i) (2 (3 (4 might) (5 (6 go) (7 (8 (9 to) (10 (11 (12 walmart) (13 or)) (14 cvs))) (15 (16 tomorrow) (17 /))))) (18 .)))
  0:  0.0683  0.4080  0.4259  0.0752  0.0227
  1:  0.0273  0.1121  0.5911  0.2127  0.0567
  2:  0.0453  0.4344  0.4586  0.0554  0.0062
  3:  0.0199  0.2468  0.6915  0.0378  0.0040
  4:  0.0006  0.0044  0.9912  0.0029  0.0008
  5:  0.0273  0.3088  0.5857  0.0704  0.0077
  6:  0.0004  0.0015  0.9967  0.0011  0.0004
  7:  0.0335  0.2947  0.5498  0.1086  0.0135
  8:  0.0092  0.0925  0.8350  0.0583  0.0050
  9:  0.0009  0.0034  0.9901  0.0044  0.0012
  10:  0.0168  0.1462  0.7461  0.0806  0.0103
  11:  0.0113  0.0931  0.8141  0.0716  0.0099
  12:  0.0286  0.1441  0.6307  0.1541  0.0425
  13:  0.0010  0.0040  0.9913  0.0026  0.0011
  14:  0.0286  0.1441  0.6307  0.1541  0.0425
  15:  0.0173  0.1109  0.6759  0.1732  0.0226
  16:  0.0055  0.0149  0.9406  0.0285  0.0105
  17:  0.0286  0.1441  0.6307  0.1541  0.0425
  18:  0.0004  0.0012  0.9965  0.0013  0.0005
homegrown talent missing on signing day : throughout most of the day on wednesday , the video scoreboard ... raleigh .
(0 (1 (2 (3 homegrown) (4 talent)) (5 (6 missing) (7 (8 on) (9 (10 (11 (12 (13 signing) (14 day)) (15 :)) (16 (17 throughout) (18 (19 most) (20 (21 of) (22 (23 (24 the) (25 day)) (26 (27 on) (28 (29 (30 wednesday) (31 ,)) (32 (33 (34 the) (35 video)) (36 scoreboard))))))))) (37 ...))))) (38 (39 raleigh) (40 .)))
  0:  0.1371  0.5427  0.2188  0.0696  0.0318
  1:  0.1294  0.5140  0.2385  0.0809  0.0371
  2:  0.0369  0.1601  0.1941  0.5023  0.1067
  3:  0.0286  0.1441  0.6307  0.1541  0.0425
  4:  0.0029  0.0417  0.0144  0.9311  0.0099
  5:  0.0759  0.6717  0.2221  0.0247  0.0055
  6:  0.0053  0.0471  0.9410  0.0048  0.0018
  7:  0.0333  0.2269  0.6198  0.1056  0.0144
  8:  0.0007  0.0031  0.9942  0.0014  0.0007
  9:  0.0527  0.3446  0.4153  0.1589  0.0285
  10:  0.0547  0.3873  0.3245  0.2030  0.0305
  11:  0.0050  0.0373  0.7913  0.1555  0.0110
  12:  0.0065  0.0462  0.8087  0.1248  0.0138
  13:  0.0341  0.2492  0.2878  0.3988  0.0301
  14:  0.0003  0.0008  0.9962  0.0019  0.0008
  15:  0.0004  0.0011  0.9968  0.0012  0.0006
  16:  0.0318  0.2670  0.6081  0.0822  0.0108
  17:  0.0002  0.0010  0.9975  0.0011  0.0002
  18:  0.0655  0.3909  0.3505  0.1549  0.0383
  19:  0.0003  0.0014  0.9964  0.0015  0.0004
  20:  0.0263  0.2833  0.5412  0.1363  0.0130
  21:  0.0006  0.0030  0.9934  0.0020  0.0009
  22:  0.0398  0.3264  0.4261  0.1888  0.0189
  23:  0.0003  0.0021  0.9712  0.0254  0.0011
  24:  0.0004  0.0025  0.9941  0.0024  0.0006
  25:  0.0003  0.0008  0.9962  0.0019  0.0008
  26:  0.0525  0.3197  0.4579  0.1482  0.0218
  27:  0.0007  0.0031  0.9942  0.0014  0.0007
  28:  0.0684  0.3561  0.3358  0.1923  0.0475
  29:  0.0241  0.1214  0.5845  0.2342  0.0358
  30:  0.0286  0.1441  0.6307  0.1541  0.0425
  31:  0.0004  0.0012  0.9965  0.0013  0.0005
  32:  0.0239  0.1818  0.6659  0.1148  0.0136
  33:  0.0049  0.0609  0.8674  0.0636  0.0033
  34:  0.0004  0.0025  0.9941  0.0024  0.0006
  35:  0.0004  0.0044  0.9936  0.0014  0.0002
  36:  0.0286  0.1441  0.6307  0.1541  0.0425
  37:  0.0002  0.0012  0.9971  0.0011  0.0004
  38:  0.0241  0.1214  0.5845  0.2342  0.0358
  39:  0.0286  0.1441  0.6307  0.1541  0.0425
  40:  0.0004  0.0012  0.9965  0.0013  0.0005
taylor swift is coming with ed sheeran june 29th ?
(0 (1 (2 taylor) (3 swift)) (4 (5 (6 is) (7 (8 (9 coming) (10 (11 with) (12 (13 ed) (14 sheeran)))) (15 (16 june) (17 29th)))) (18 ?)))
  0:  0.1288  0.6238  0.1838  0.0433  0.0202
  1:  0.0443  0.2691  0.4161  0.2298  0.0406
  2:  0.0311  0.1590  0.6185  0.1566  0.0348
  3:  0.0286  0.1441  0.6307  0.1541  0.0425
  4:  0.0648  0.5830  0.2942  0.0454  0.0127
  5:  0.0683  0.4210  0.3166  0.1568  0.0373
  6:  0.0008  0.0038  0.9894  0.0047  0.0013
  7:  0.0427  0.3000  0.4406  0.1882  0.0284
  8:  0.0144  0.1105  0.6714  0.1881  0.0157
  9:  0.0008  0.0070  0.9882  0.0031  0.0009
  10:  0.0142  0.1057  0.6334  0.2263  0.0204
  11:  0.0007  0.0030  0.9917  0.0035  0.0011
  12:  0.0199  0.1151  0.7184  0.1274  0.0191
  13:  0.0076  0.0446  0.8977  0.0420  0.0080
  14:  0.0286  0.1441  0.6307  0.1541  0.0425
  15:  0.0289  0.1778  0.5831  0.1794  0.0308
  16:  0.0286  0.1441  0.6307  0.1541  0.0425
  17:  0.0286  0.1441  0.6307  0.1541  0.0425
  18:  0.0005  0.0022  0.9964  0.0006  0.0003
most perf news i've heard all night .
(0 (1 (2 most) (3 (4 perf) (5 (6 news) (7 i)))) (8 (9 (10 've) (11 (12 heard) (13 (14 all) (15 night)))) (16 .)))
  0:  0.0570  0.2982  0.3681  0.2246  0.0522
  1:  0.0374  0.1778  0.4555  0.2687  0.0606
  2:  0.0003  0.0014  0.9964  0.0015  0.0004
  3:  0.0233  0.1485  0.6088  0.1911  0.0284
  4:  0.0286  0.1441  0.6307  0.1541  0.0425
  5:  0.0096  0.0629  0.8012  0.1129  0.0134
  6:  0.0005  0.0029  0.9925  0.0031  0.0010
  7:  0.0273  0.1121  0.5911  0.2127  0.0567
  8:  0.0061  0.0588  0.8696  0.0629  0.0027
  9:  0.0019  0.0275  0.9461  0.0233  0.0011
  10:  0.0002  0.0017  0.9961  0.0016  0.0004
  11:  0.0029  0.0339  0.9238  0.0372  0.0022
  12:  0.0016  0.0108  0.9829  0.0029  0.0018
  13:  0.0052  0.0913  0.8214  0.0794  0.0028
  14:  0.0005  0.0020  0.9945  0.0026  0.0004
  15:  0.0013  0.0195  0.9691  0.0087  0.0014
  16:  0.0004  0.0012  0.9965  0.0013  0.0005
the great noel gallagher is about to hit the stage in stop that .
(0 (1 (2 the) (3 (4 great) (5 (6 noel) (7 gallagher)))) (8 (9 (10 is) (11 (12 about) (13 (14 to) (15 (16 (17 hit) (18 (19 the) (20 stage))) (21 (22 in) (23 (24 stop) (25 that))))))) (26 .)))
  0:  0.0331  0.1539  0.3315  0.4045  0.0770
  1:  0.0134  0.0560  0.3371  0.5190  0.0744
  2:  0.0004  0.0025  0.9941  0.0024  0.0006
  3:  0.0265  0.0738  0.2793  0.4898  0.1306
  4:  0.0291  0.0156  0.0135  0.0336  0.9081
  5:  0.0289  0.1778  0.5831  0.1794  0.0308
  6:  0.0286  0.1441  0.6307  0.1541  0.0425
  7:  0.0286  0.1441  0.6307  0.1541  0.0425
  8:  0.0247  0.1768  0.6152  0.1664  0.0169
  9:  0.0151  0.1370  0.7100  0.1252  0.0128
  10:  0.0008  0.0038  0.9894  0.0047  0.0013
  11:  0.0144  0.1564  0.6443  0.1745  0.0105
  12:  0.0008  0.0051  0.9912  0.0020  0.0010
  13:  0.0196  0.1662  0.6440  0.1561  0.0142
  14:  0.0009  0.0034  0.9901  0.0044  0.0012
  15:  0.0303  0.2290  0.4591  0.2527  0.0289
  16:  0.0062  0.0353  0.7077  0.2338  0.0170
  17:  0.0062  0.0344  0.0252  0.9090  0.0253
  18:  0.0039  0.0442  0.8468  0.1006  0.0045
  19:  0.0004  0.0025  0.9941  0.0024  0.0006
  20:  0.0014  0.0066  0.9860  0.0044  0.0016
  21:  0.0120  0.1240  0.7698  0.0873  0.0069
  22:  0.0006  0.0031  0.9933  0.0022  0.0008
  23:  0.0206  0.1724  0.6573  0.1354  0.0143
  24:  0.0070  0.0342  0.9210  0.0283  0.0096
  25:  0.0010  0.0025  0.9912  0.0042  0.0012
  26:  0.0004  0.0012  0.9965  0.0013  0.0005
paul .
(0 (1 paul) (2 .))
  0:  0.0388  0.1840  0.4557  0.2628  0.0586
  1:  0.0607  0.3298  0.1765  0.3271  0.1059
  2:  0.0004  0.0012  0.9965  0.0013  0.0005
plenty of room here so we're 4th row center .
(0 (1 (2 plenty) (3 (4 of) (5 room))) (6 (7 here) (8 (9 so) (10 (11 we) (12 (13 (14 're) (15 (16 4th) (17 (18 row) (19 center)))) (20 .))))))
  0:  0.0510  0.4438  0.3484  0.1397  0.0171
  1:  0.0100  0.1120  0.7227  0.1473  0.0080
  2:  0.0004  0.0016  0.9952  0.0019  0.0009
  3:  0.0036  0.0701  0.8921  0.0327  0.0015
  4:  0.0006  0.0030  0.9934  0.0020  0.0009
  5:  0.0007  0.0091  0.9872  0.0023  0.0006
  6:  0.0168  0.1512  0.7487  0.0764  0.0069
  7:  0.0002  0.0015  0.9972  0.0009  0.0002
  8:  0.0186  0.1414  0.6551  0.1679  0.0170
  9:  0.0002  0.0022  0.9954  0.0018  0.0003
  10:  0.0121  0.0929  0.7638  0.1208  0.0104
  11:  0.0003  0.0015  0.9963  0.0016  0.0004
  12:  0.0107  0.0831  0.7983  0.1013  0.0067
  13:  0.0052  0.0503  0.8791  0.0617  0.0037
  14:  0.0003  0.0012  0.9973  0.0009  0.0003
  15:  0.0083  0.0612  0.8368  0.0836  0.0101
  16:  0.0286  0.1441  0.6307  0.1541  0.0425
  17:  0.0008  0.0071  0.9835  0.0076  0.0009
  18:  0.0034  0.0170  0.9675  0.0078  0.0043
  19:  0.0012  0.0043  0.9891  0.0038  0.0015
  20:  0.0004  0.0012  0.9965  0.0013  0.0005
plenty of room .
(0 (1 (2 plenty) (3 (4 of) (5 room))) (6 .))
  0:  0.0282  0.1968  0.5462  0.2108  0.0179
  1:  0.0100  0.1120  0.7227  0.1473  0.0080
  2:  0.0004  0.0016  0.9952  0.0019  0.0009
  3:  0.0036  0.0701  0.8921  0.0327  0.0015
  4:  0.0006  0.0030  0.9934  0.0020  0.0009
  5:  0.0007  0.0091  0.9872  0.0023  0.0006
  6:  0.0004  0.0012  0.9965  0.0013  0.0005
pretty fired up .
(0 (1 pretty) (2 (3 (4 fired) (5 up)) (6 .)))
  0:  0.0266  0.1148  0.3648  0.4176  0.0762
  1:  0.0534  0.0522  0.0489  0.0825  0.7629
  2:  0.0244  0.1199  0.5216  0.2926  0.0415
  3:  0.0146  0.0861  0.7087  0.1652  0.0255
  4:  0.0286  0.1441  0.6307  0.1541  0.0425
  5:  0.0003  0.0008  0.9972  0.0009  0.0007
  6:  0.0004  0.0012  0.9965  0.0013  0.0005
i think i may have a heart attack for jason wu's new collection .
(0 (1 i) (2 (3 (4 think) (5 (6 i) (7 (8 may) (9 (10 have) (11 (12 (13 a) (14 (15 heart) (16 attack))) (17 (18 for) (19 (20 (21 jason) (22 (23 wu) (24 's))) (25 (26 new) (27 collection))))))))) (28 .)))
  0:  0.0730  0.4322  0.4298  0.0485  0.0166
  1:  0.0273  0.1121  0.5911  0.2127  0.0567
  2:  0.0610  0.4799  0.4262  0.0278  0.0051
  3:  0.0416  0.3752  0.5582  0.0202  0.0047
  4:  0.0011  0.0069  0.9897  0.0014  0.0009
  5:  0.0691  0.4255  0.4450  0.0447  0.0157
  6:  0.0273  0.1121  0.5911  0.2127  0.0567
