CAPTAIN AMERICA 2: THE WINTER SOLDIER - Superior to the original CAPTAIN AMERICA in every way.
(0 (1 (2 (3 (4 (5 (6 (7 CAPTAIN) (8 AMERICA)) (9 2)) (10 :)) (11 (12 (13 THE) (14 WINTER)) (15 SOLDIER))) (16 -)) (17 (18 Superior) (19 (20 to) (21 (22 (23 the) (24 (25 original) (26 (27 CAPTAIN) (28 AMERICA)))) (29 (30 in) (31 (32 every) (33 way))))))) (34 .))
  0:  0.1394  0.5879  0.1939  0.0528  0.0260
  1:  0.0980  0.5436  0.2423  0.0891  0.0270
  2:  0.0221  0.1786  0.6523  0.1315  0.0155
  3:  0.0267  0.1976  0.5969  0.1595  0.0193
  4:  0.0033  0.0343  0.8991  0.0601  0.0032
  5:  0.0047  0.0475  0.8845  0.0587  0.0046
  6:  0.0289  0.1778  0.5831  0.1794  0.0308
  7:  0.0286  0.1441  0.6307  0.1541  0.0425
  8:  0.0286  0.1441  0.6307  0.1541  0.0425
  9:  0.0001  0.0004  0.9992  0.0002  0.0001
  10:  0.0004  0.0011  0.9968  0.0012  0.0006
  11:  0.0234  0.1587  0.6195  0.1745  0.0240
  12:  0.0091  0.0569  0.8043  0.1161  0.0136
  13:  0.0047  0.0284  0.9158  0.0387  0.0124
  14:  0.0286  0.1441  0.6307  0.1541  0.0425
  15:  0.0286  0.1441  0.6307  0.1541  0.0425
  16:  0.0004  0.0019  0.9962  0.0011  0.0004
  17:  0.0606  0.3798  0.3891  0.1427  0.0278
  18:  0.0271  0.1436  0.6303  0.1728  0.0262
  19:  0.0300  0.2560  0.5787  0.1215  0.0138
  20:  0.0009  0.0034  0.9901  0.0044  0.0012
  21:  0.0401  0.2760  0.5147  0.1471  0.0221
  22:  0.0304  0.2271  0.5150  0.2024  0.0251
  23:  0.0004  0.0025  0.9941  0.0024  0.0006
  24:  0.0384  0.2151  0.4289  0.2756  0.0420
  25:  0.0013  0.0173  0.0097  0.9683  0.0035
  26:  0.0289  0.1778  0.5831  0.1794  0.0308
  27:  0.0286  0.1441  0.6307  0.1541  0.0425
  28:  0.0286  0.1441  0.6307  0.1541  0.0425
  29:  0.0018  0.0215  0.9041  0.0703  0.0023
  30:  0.0006  0.0031  0.9933  0.0022  0.0008
  31:  0.0006  0.0066  0.9737  0.0185  0.0005
  32:  0.0001  0.0008  0.9978  0.0011  0.0002
  33:  0.0007  0.0024  0.9941  0.0023  0.0005
  34:  0.0004  0.0012  0.9965  0.0013  0.0005
Easily the 2nd best Marvel movie to date.
(0 (1 (2 (3 Easily) (4 (5 the) (6 (7 2nd) (8 (9 best) (10 (11 Marvel) (12 movie)))))) (13 (14 to) (15 date))) (16 .))
  0:  0.0198  0.0495  0.0799  0.6557  0.1952
  1:  0.0245  0.0825  0.1750  0.5828  0.1352
  2:  0.0244  0.0826  0.1372  0.6305  0.1253
  3:  0.0014  0.0094  0.9523  0.0314  0.0055
  4:  0.0334  0.1098  0.2442  0.4979  0.1148
  5:  0.0004  0.0025  0.9941  0.0024  0.0006
  6:  0.0481  0.1310  0.2314  0.4328  0.1566
  7:  0.0286  0.1441  0.6307  0.1541  0.0425
  8:  0.0568  0.0865  0.1333  0.4296  0.2937
  9:  0.0388  0.0127  0.0038  0.0230  0.9218
  10:  0.0242  0.1858  0.5887  0.1717  0.0296
  11:  0.0328  0.2405  0.4715  0.1938  0.0614
  12:  0.0001  0.0010  0.9984  0.0004  0.0001
  13:  0.0029  0.0346  0.8805  0.0787  0.0033
  14:  0.0009  0.0034  0.9901  0.0044  0.0012
  15:  0.0005  0.0022  0.9914  0.0046  0.0013
  16:  0.0004  0.0012  0.9965  0.0013  0.0005
DALLAS BUYERS CLUB - Great performances by the Best Actor and Best Supporting Actor OSCAR winners drive this powerful story forward.
(0 (1 (2 (3 (4 DALLAS) (5 (6 BUYERS) (7 CLUB))) (8 -)) (9 (10 (11 Great) (12 performances)) (13 (14 by) (15 (16 (17 (18 the) (19 (20 Best) (21 Actor))) (22 and)) (23 (24 Best) (25 (26 Supporting) (27 (28 (29 Actor) (30 (31 OSCAR) (32 winners))) (33 (34 (35 drive) (36 (37 this) (38 (39 powerful) (40 story)))) (41 forward))))))))) (42 .))
  0:  0.0035  0.0038  0.0080  0.5926  0.3922
  1:  0.0078  0.0096  0.0528  0.4336  0.4962
  2:  0.0345  0.2307  0.5489  0.1579  0.0280
  3:  0.0410  0.2465  0.4790  0.1967  0.0368
  4:  0.0286  0.1441  0.6307  0.1541  0.0425
  5:  0.0289  0.1778  0.5831  0.1794  0.0308
  6:  0.0286  0.1441  0.6307  0.1541  0.0425
  7:  0.0286  0.1441  0.6307  0.1541  0.0425
  8:  0.0004  0.0019  0.9962  0.0011  0.0004
  9:  0.0038  0.0025  0.0163  0.2914  0.6860
  10:  0.0155  0.0134  0.0036  0.3342  0.6333
  11:  0.0567  0.0774  0.0187  0.1272  0.7201
  12:  0.0000  0.0001  0.9996  0.0002  0.0000
  13:  0.0093  0.0238  0.1260  0.7171  0.1238
  14:  0.0002  0.0012  0.9970  0.0013  0.0003
  15:  0.0135  0.0355  0.0990  0.6651  0.1869
  16:  0.0061  0.0283  0.3658  0.5521  0.0478
  17:  0.0132  0.0523  0.3891  0.4768  0.0686
  18:  0.0004  0.0025  0.9941  0.0024  0.0006
  19:  0.0276  0.0703  0.3915  0.3932  0.1174
  20:  0.0694  0.0479  0.0183  0.1275  0.7369
  21:  0.0286  0.1441  0.6307  0.1541  0.0425
  22:  0.0003  0.0015  0.9960  0.0017  0.0005
  23:  0.0377  0.1040  0.4289  0.3345  0.0949
  24:  0.0694  0.0479  0.0183  0.1275  0.7369
  25:  0.0579  0.2991  0.3508  0.2384  0.0538
  26:  0.0286  0.1441  0.6307  0.1541  0.0425
  27:  0.0482  0.2610  0.3409  0.2927  0.0572
  28:  0.0518  0.2827  0.3833  0.2348  0.0474
  29:  0.0286  0.1441  0.6307  0.1541  0.0425
  30:  0.0356  0.2100  0.4664  0.2470  0.0409
  31:  0.0286  0.1441  0.6307  0.1541  0.0425
  32:  0.0036  0.0150  0.9658  0.0124  0.0032
  33:  0.0044  0.0290  0.6596  0.2832  0.0238
  34:  0.0082  0.0339  0.4723  0.4363  0.0492
  35:  0.0017  0.0102  0.9761  0.0098  0.0022
  36:  0.0045  0.0073  0.0755  0.6915  0.2211
  37:  0.0002  0.0009  0.9978  0.0009  0.0002
  38:  0.0046  0.0085  0.0775  0.7460  0.1635
  39:  0.0198  0.0109  0.0080  0.0416  0.9197
  40:  0.0003  0.0019  0.9960  0.0013  0.0005
  41:  0.0023  0.0154  0.9489  0.0289  0.0046
  42:  0.0004  0.0012  0.9965  0.0013  0.0005
CARRIE (2013) - Modern retelling of @StephenKing's telekinetic #horror tale would have benefitted from some kind of (any kind of) twist.
(0 (1 (2 (3 (4 CARRIE) (5 (6 -LRB-) (7 (8 2013) (9 -RRB-)))) (10 -)) (11 (12 Modern) (13 (14 (15 retelling) (16 (17 of) (18 (19 (20 @StephenKing) (21 's)) (22 (23 telekinetic) (24 (25 #horror) (26 tale)))))) (27 (28 would) (29 (30 have) (31 (32 benefitted) (33 (34 from) (35 (36 (37 some) (38 kind)) (39 (40 of) (41 (42 (43 -LRB-) (44 (45 (46 (47 any) (48 kind)) (49 of)) (50 -RRB-))) (51 twist))))))))))) (52 .))
  0:  0.1594  0.6731  0.1466  0.0128  0.0080
  1:  0.1183  0.6506  0.1947  0.0248  0.0115
  2:  0.0309  0.2127  0.5812  0.1501  0.0252
  3:  0.0378  0.2355  0.5047  0.1876  0.0344
  4:  0.0286  0.1441  0.6307  0.1541  0.0425
  5:  0.0294  0.1720  0.5828  0.1828  0.0330
  6:  0.0219  0.1073  0.6341  0.1858  0.0509
  7:  0.0164  0.0970  0.7195  0.1438  0.0233
  8:  0.0286  0.1441  0.6307  0.1541  0.0425
  9:  0.0200  0.0821  0.7205  0.1352  0.0422
  10:  0.0004  0.0019  0.9962  0.0011  0.0004
  11:  0.0626  0.4995  0.4049  0.0261  0.0069
  12:  0.0024  0.0164  0.9639  0.0149  0.0024
  13:  0.1033  0.6372  0.1920  0.0490  0.0185
  14:  0.0458  0.3147  0.3881  0.2171  0.0342
  15:  0.0358  0.3958  0.2119  0.3123  0.0442
  16:  0.0140  0.1235  0.6494  0.1976  0.0155
  17:  0.0006  0.0030  0.9934  0.0020  0.0009
  18:  0.0247  0.1517  0.5474  0.2423  0.0338
  19:  0.0055  0.0406  0.8842  0.0609  0.0088
  20:  0.0286  0.1441  0.6307  0.1541  0.0425
  21:  0.0008  0.0016  0.9945  0.0021  0.0010
  22:  0.0293  0.1614  0.4429  0.3185  0.0479
  23:  0.0286  0.1441  0.6307  0.1541  0.0425
  24:  0.0094  0.0641  0.6947  0.2095  0.0224
  25:  0.0286  0.1441  0.6307  0.1541  0.0425
  26:  0.0001  0.0007  0.9985  0.0005  0.0002
  27:  0.0331  0.3258  0.5808  0.0538  0.0065
  28:  0.0003  0.0017  0.9970  0.0006  0.0004
  29:  0.0268  0.2160  0.6004  0.1420  0.0148
  30:  0.0011  0.0038  0.9915  0.0027  0.0009
  31:  0.0291  0.2019  0.6144  0.1336  0.0210
  32:  0.0564  0.1689  0.6471  0.0833  0.0442
  33:  0.0058  0.0609  0.7658  0.1614  0.0061
  34:  0.0006  0.0026  0.9938  0.0025  0.0005
  35:  0.0103  0.0892  0.5940  0.2907  0.0158
  36:  0.0029  0.0225  0.7964  0.1696  0.0085
  37:  0.0005  0.0024  0.9955  0.0010  0.0005
  38:  0.0006  0.0099  0.0028  0.9828  0.0039
  39:  0.0061  0.0623  0.8014  0.1229  0.0073
  40:  0.0006  0.0030  0.9934  0.0020  0.0009
  41:  0.0190  0.1518  0.4708  0.3345  0.0239
  42:  0.0275  0.2097  0.6070  0.1353  0.0204
  43:  0.0219  0.1073  0.6341  0.1858  0.0509
  44:  0.0080  0.0750  0.8532  0.0593  0.0045
  45:  0.0020  0.0373  0.9473  0.0129  0.0005
  46:  0.0030  0.0335  0.9392  0.0234  0.0009
  47:  0.0005  0.0026  0.9953  0.0013  0.0003
  48:  0.0006  0.0099  0.0028  0.9828  0.0039
  49:  0.0006  0.0030  0.9934  0.0020  0.0009
  50:  0.0200  0.0821  0.7205  0.1352  0.0422
  51:  0.0004  0.0017  0.9905  0.0065  0.0009
  52:  0.0004  0.0012  0.9965  0.0013  0.0005
LAST VEGAS - Basically THE HANGOVER for an older generation.
(0 (1 (2 (3 (4 LAST) (5 VEGAS)) (6 -)) (7 (8 Basically) (9 (10 (11 THE) (12 HANGOVER)) (13 (14 for) (15 (16 an) (17 (18 older) (19 generation))))))) (20 .))
  0:  0.0795  0.4334  0.3544  0.1038  0.0289
  1:  0.0553  0.3756  0.4120  0.1299  0.0272
  2:  0.0244  0.1687  0.6182  0.1647  0.0241
  3:  0.0289  0.1778  0.5831  0.1794  0.0308
  4:  0.0286  0.1441  0.6307  0.1541  0.0425
  5:  0.0286  0.1441  0.6307  0.1541  0.0425
  6:  0.0004  0.0019  0.9962  0.0011  0.0004
  7:  0.0304  0.2394  0.5511  0.1583  0.0207
  8:  0.0100  0.0692  0.8557  0.0501  0.0150
  9:  0.0149  0.1328  0.6987  0.1413  0.0123
  10:  0.0091  0.0569  0.8043  0.1161  0.0136
  11:  0.0047  0.0284  0.9158  0.0387  0.0124
  12:  0.0286  0.1441  0.6307  0.1541  0.0425
  13:  0.0026  0.0277  0.9309  0.0371  0.0017
  14:  0.0009  0.0041  0.9920  0.0023  0.0008
  15:  0.0025  0.0295  0.9374  0.0288  0.0018
  16:  0.0005  0.0030  0.9932  0.0027  0.0005
  17:  0.0014  0.0207  0.9709  0.0066  0.0004
  18:  0.0295  0.9286  0.0219  0.0166  0.0035
  19:  0.0009  0.0027  0.9813  0.0113  0.0038
  20:  0.0004  0.0012  0.9965  0.0013  0.0005
Funny and poignant.
(0 (1 (2 (3 Funny) (4 and)) (5 poignant)) (6 .))
  0:  0.0027  0.0034  0.0310  0.6600  0.3030
  1:  0.0060  0.0097  0.0170  0.6483  0.3191
  2:  0.0023  0.0076  0.0285  0.8999  0.0617
  3:  0.0069  0.0292  0.0164  0.8840  0.0635
  4:  0.0003  0.0015  0.9960  0.0017  0.0005
  5:  0.0587  0.0870  0.0665  0.1112  0.6766
  6:  0.0004  0.0012  0.9965  0.0013  0.0005
Definitely a movie that speaks to the over 40 crowd.
(0 (1 Definitely) (2 (3 (4 (5 a) (6 movie)) (7 (8 that) (9 (10 speaks) (11 (12 to) (13 (14 the) (15 (16 (17 over) (18 40)) (19 crowd))))))) (20 .)))
  0:  0.0231  0.0620  0.0742  0.6556  0.1851
  1:  0.0047  0.0117  0.9339  0.0304  0.0193
  2:  0.0225  0.1010  0.2915  0.5248  0.0602
  3:  0.0183  0.0954  0.3358  0.5119  0.0387
  4:  0.0002  0.0027  0.9859  0.0108  0.0004
  5:  0.0007  0.0032  0.9902  0.0046  0.0013
  6:  0.0001  0.0010  0.9984  0.0004  0.0001
  7:  0.0090  0.0599  0.6517  0.2598  0.0196
  8:  0.0010  0.0025  0.9912  0.0042  0.0012
  9:  0.0113  0.0963  0.4269  0.4410  0.0245
  10:  0.0022  0.0052  0.9673  0.0202  0.0052
  11:  0.0025  0.0302  0.9373  0.0284  0.0017
  12:  0.0009  0.0034  0.9901  0.0044  0.0012
  13:  0.0029  0.0437  0.9247  0.0272  0.0014
  14:  0.0004  0.0025  0.9941  0.0024  0.0006
  15:  0.0047  0.0568  0.9071  0.0297  0.0017
  16:  0.0102  0.1104  0.8494  0.0274  0.0025
  17:  0.0008  0.0043  0.9913  0.0029  0.0007
  18:  0.0059  0.0267  0.9558  0.0086  0.0030
  19:  0.0004  0.0021  0.9919  0.0041  0.0015
  20:  0.0004  0.0012  0.9965  0.0013  0.0005
EUROPA REPORT - The "found footage" genre still has some life left in it as evidenced by this fascinating Sci-Fi docu-drama.
(0 (1 (2 (3 (4 EUROPA) (5 REPORT)) (6 -)) (7 (8 (9 The) (10 (11 ``) (12 (13 (14 found) (15 footage)) (16 (17 '') (18 genre))))) (19 (20 still) (21 (22 has) (23 (24 (25 some) (26 life)) (27 (28 (29 left) (30 (31 in) (32 it))) (33 (34 as) (35 (36 evidenced) (37 (38 by) (39 (40 this) (41 (42 fascinating) (43 (44 Sci-Fi) (45 docu-drama))))))))))))) (46 .))
  0:  0.0367  0.1282  0.2073  0.5022  0.1256
  1:  0.0381  0.1560  0.2747  0.4355  0.0958
  2:  0.0244  0.1687  0.6182  0.1647  0.0241
  3:  0.0289  0.1778  0.5831  0.1794  0.0308
  4:  0.0286  0.1441  0.6307  0.1541  0.0425
  5:  0.0286  0.1441  0.6307  0.1541  0.0425
  6:  0.0004  0.0019  0.9962  0.0011  0.0004
  7:  0.0119  0.0603  0.1306  0.7388  0.0584
  8:  0.0009  0.0042  0.8145  0.1751  0.0053
  9:  0.0004  0.0029  0.9933  0.0029  0.0006
  10:  0.0009  0.0046  0.5333  0.4516  0.0097
  11:  0.0003  0.0011  0.9975  0.0007  0.0004
  12:  0.0007  0.0039  0.8290  0.1626  0.0038
  13:  0.0002  0.0015  0.9468  0.0505  0.0011
  14:  0.0003  0.0016  0.9959  0.0015  0.0007
  15:  0.0003  0.0012  0.9951  0.0028  0.0005
  16:  0.0013  0.0168  0.9340  0.0458  0.0022
  17:  0.0003  0.0011  0.9975  0.0007  0.0004
  18:  0.0003  0.0016  0.9969  0.0010  0.0002
  19:  0.0236  0.1279  0.3918  0.4143  0.0424
  20:  0.0002  0.0009  0.9982  0.0005  0.0002
  21:  0.0348  0.1853  0.3245  0.4059  0.0496
  22:  0.0008  0.0020  0.9936  0.0028  0.0009
  23:  0.0303  0.2069  0.3867  0.3394  0.0368
  24:  0.0021  0.0199  0.7376  0.2306  0.0098
  25:  0.0005  0.0024  0.9955  0.0010  0.0005
  26:  0.0006  0.0064  0.0044  0.9854  0.0032
  27:  0.0428  0.2677  0.3798  0.2711  0.0386
  28:  0.0188  0.2184  0.7142  0.0444  0.0042
  29:  0.0034  0.0127  0.9795  0.0033  0.0011
  30:  0.0018  0.0168  0.8938  0.0846  0.0030
  31:  0.0006  0.0031  0.9933  0.0022  0.0008
  32:  0.0006  0.0019  0.9928  0.0036  0.0011
  33:  0.0082  0.0369  0.2755  0.6119  0.0676
  34:  0.0011  0.0037  0.9902  0.0035  0.0015
  35:  0.0119  0.0364  0.1573  0.6634  0.1310
  36:  0.0383  0.2245  0.4846  0.2177  0.0348
  37:  0.0091  0.0187  0.0661  0.7487  0.1574
  38:  0.0002  0.0012  0.9970  0.0013  0.0003
  39:  0.0090  0.0152  0.0560  0.6976  0.2222
  40:  0.0002  0.0009  0.9978  0.0009  0.0002
  41:  0.0102  0.0207  0.0559  0.7067  0.2065
  42:  0.0029  0.0126  0.0012  0.9572  0.0261
  43:  0.0087  0.0604  0.8454  0.0744  0.0111
  44:  0.0286  0.1441  0.6307  0.1541  0.0425
  45:  0.0015  0.0125  0.9702  0.0125  0.0033
  46:  0.0004  0.0012  0.9965  0.0013  0.0005
Very cool!
(0 (1 (2 Very) (3 cool)) (4 !))
  0:  0.0026  0.0026  0.0146  0.6214  0.3588
  1:  0.0092  0.0242  0.1126  0.6783  0.1757
  2:  0.0081  0.0315  0.0158  0.9287  0.0158
  3:  0.0047  0.0196  0.0211  0.9132  0.0414
  4:  0.0001  0.0002  0.9991  0.0004  0.0001
R.I.P.D. - It has a bit of a "been there, done that" feel to it, but it's not bad for a relatively obscure comic book adaptation.
(0 (1 R.I.P.D.) (2 (3 -) (4 (5 (6 (7 (8 (9 It) (10 (11 has) (12 (13 (14 a) (15 bit)) (16 (17 of) (18 (19 (20 (21 (22 a) (23 ``)) (24 (25 been) (26 there))) (27 ,)) (28 (29 done) (30 (31 (32 that) (33 '')) (34 (35 feel) (36 (37 to) (38 it)))))))))) (39 ,)) (40 but)) (41 (42 it) (43 (44 (45 's) (46 not)) (47 (48 bad) (49 (50 for) (51 (52 a) (53 (54 (55 relatively) (56 obscure)) (57 (58 comic) (59 (60 book) (61 adaptation)))))))))) (62 .))))
  0:  0.0712  0.4172  0.4079  0.0814  0.0223
  1:  0.0286  0.1441  0.6307  0.1541  0.0425
  2:  0.0690  0.4469  0.4076  0.0630  0.0136
  3:  0.0004  0.0019  0.9962  0.0011  0.0004
  4:  0.0941  0.4344  0.3543  0.0914  0.0259
  5:  0.0829  0.4175  0.3480  0.1256  0.0261
  6:  0.0153  0.1003  0.3227  0.5095  0.0523
  7:  0.0254  0.0769  0.1434  0.6097  0.1445
  8:  0.0261  0.0865  0.2291  0.5548  0.1035
  9:  0.0003  0.0019  0.9958  0.0015  0.0005
  10:  0.0170  0.0675  0.1548  0.6912  0.0695
  11:  0.0008  0.0020  0.9936  0.0028  0.0009
  12:  0.0136  0.0753  0.2220  0.6470  0.0421
  13:  0.0001  0.0005  0.9975  0.0019  0.0001
  14:  0.0007  0.0032  0.9902  0.0046  0.0013
  15:  0.0001  0.0012  0.9979  0.0005  0.0002
  16:  0.0087  0.0693  0.4794  0.4202  0.0223
  17:  0.0006  0.0030  0.9934  0.0020  0.0009
  18:  0.0148  0.0873  0.3516  0.5130  0.0333
  19:  0.0046  0.0425  0.8603  0.0899  0.0028
  20:  0.0009  0.0141  0.9625  0.0219  0.0006
  21:  0.0003  0.0036  0.9839  0.0116  0.0005
  22:  0.0007  0.0032  0.9902  0.0046  0.0013
  23:  0.0003  0.0011  0.9975  0.0007  0.0004
  24:  0.0017  0.0225  0.9611  0.0140  0.0007
  25:  0.0006  0.0050  0.9920  0.0019  0.0005
  26:  0.0003  0.0019  0.9964  0.0010  0.0003
  27:  0.0004  0.0012  0.9965  0.0013  0.0005
  28:  0.0051  0.0318  0.6178  0.3314  0.0140
  29:  0.0003  0.0016  0.9947  0.0030  0.0005
  30:  0.0058  0.0393  0.6978  0.2455  0.0116
  31:  0.0010  0.0109  0.9705  0.0167  0.0010
  32:  0.0010  0.0025  0.9912  0.0042  0.0012
  33:  0.0003  0.0011  0.9975  0.0007  0.0004
  34:  0.0051  0.0413  0.5903  0.3512  0.0122
  35:  0.0009  0.0041  0.9899  0.0041  0.0010
  36:  0.0013  0.0101  0.9330  0.0532  0.0023
  37:  0.0009  0.0034  0.9901  0.0044  0.0012
  38:  0.0006  0.0019  0.9928  0.0036  0.0011
  39:  0.0004  0.0012  0.9965  0.0013  0.0005
  40:  0.0018  0.0052  0.9897  0.0016  0.0018
  41:  0.1148  0.5629  0.2651  0.0451  0.0120
  42:  0.0006  0.0019  0.9928  0.0036  0.0011
  43:  0.1278  0.3465  0.4967  0.0213  0.0077
  44:  0.0086  0.1245  0.8571  0.0076  0.0022
  45:  0.0008  0.0016  0.9945  0.0021  0.0010
  46:  0.0101  0.9741  0.0053  0.0087  0.0017
  47:  0.3332  0.5281  0.1099  0.0105  0.0183
  48:  0.8057  0.1500  0.0070  0.0025  0.0348
  49:  0.0302  0.1867  0.5126  0.2457  0.0249
  50:  0.0009  0.0041  0.9920  0.0023  0.0008
  51:  0.0408  0.2024  0.2819  0.4060  0.0689
  52:  0.0007  0.0032  0.9902  0.0046  0.0013
  53:  0.0386  0.1897  0.3524  0.3656  0.0537
  54:  0.0346  0.3101  0.3839  0.2499  0.0214
  55:  0.0004  0.0027  0.9912  0.0052  0.0004
  56:  0.0100  0.0361  0.9266  0.0188  0.0086
  57:  0.0035  0.0170  0.3944  0.5594  0.0257
  58:  0.0001  0.0004  0.9978  0.0013  0.0004
  59:  0.0066  0.0517  0.7768  0.1555  0.0094
  60:  0.0024  0.0072  0.9864  0.0023  0.0017
  61:  0.0002  0.0010  0.9966  0.0019  0.0003
  62:  0.0004  0.0012  0.9965  0.0013  0.0005
THE COLONY - A claustrophobic, post apocalyptic survival tale reminscent of John Carpenter's GHOST OF MARS.
(0 (1 (2 (3 (4 THE) (5 COLONY)) (6 -)) (7 (8 (9 A) (10 (11 (12 claustrophobic) (13 (14 ,) (15 post))) (16 (17 apocalyptic) (18 (19 survival) (20 (21 tale) (22 reminscent)))))) (23 (24 of) (25 (26 (27 (28 John) (29 (30 Carpenter) (31 's))) (32 GHOST)) (33 (34 OF) (35 MARS)))))) (36 .))
  0:  0.1356  0.6358  0.2025  0.0178  0.0084
  1:  0.1011  0.6410  0.2172  0.0301  0.0107
  2:  0.0087  0.0672  0.7531  0.1583  0.0128
  3:  0.0091  0.0569  0.8043  0.1161  0.0136
  4:  0.0047  0.0284  0.9158  0.0387  0.0124
  5:  0.0286  0.1441  0.6307  0.1541  0.0425
  6:  0.0004  0.0019  0.9962  0.0011  0.0004
  7:  0.1141  0.6248  0.2240  0.0260  0.0111
  8:  0.0912  0.5638  0.2987  0.0324  0.0139
  9:  0.0004  0.0019  0.9951  0.0018  0.0007
  10:  0.0774  0.5509  0.2923  0.0636  0.0158
  11:  0.0500  0.4799  0.4095  0.0505  0.0101
  12:  0.0831  0.7068  0.0988  0.0881  0.0232
  13:  0.0118  0.0988  0.7448  0.1344  0.0102
  14:  0.0004  0.0012  0.9965  0.0013  0.0005
  15:  0.0024  0.0151  0.9654  0.0152  0.0019
  16:  0.0261  0.1410  0.4869  0.3019  0.0442
  17:  0.0286  0.1441  0.6307  0.1541  0.0425
  18:  0.0117  0.0570  0.6382  0.2627  0.0304
  19:  0.0010  0.0080  0.9728  0.0149  0.0033
  20:  0.0064  0.0477  0.8486  0.0910  0.0064
  21:  0.0001  0.0007  0.9985  0.0005  0.0002
  22:  0.0286  0.1441  0.6307  0.1541  0.0425
  23:  0.0203  0.2194  0.6253  0.1236  0.0114
  24:  0.0006  0.0030  0.9934  0.0020  0.0009
  25:  0.0340  0.2513  0.5172  0.1752  0.0223
  26:  0.0090  0.0735  0.8277  0.0829  0.0069
  27:  0.0004  0.0038  0.9909  0.0046  0.0003
  28:  0.0005  0.0030  0.9933  0.0026  0.0006
  29:  0.0018  0.0186  0.9580  0.0205  0.0011
  30:  0.0009  0.0062  0.9907  0.0019  0.0004
  31:  0.0008  0.0016  0.9945  0.0021  0.0010
  32:  0.0286  0.1441  0.6307  0.1541  0.0425
  33:  0.0289  0.1778  0.5831  0.1794  0.0308
  34:  0.0286  0.1441  0.6307  0.1541  0.0425
  35:  0.0286  0.1441  0.6307  0.1541  0.0425
  36:  0.0004  0.0012  0.9965  0.0013  0.0005
Not a bad B-movie rental.
(0 (1 Not) (2 (3 a) (4 (5 bad) (6 (7 B-movie) (8 (9 rental) (10 .))))))
  0:  0.1280  0.5678  0.2944  0.0068  0.0030
  1:  0.0008  0.0074  0.9885  0.0029  0.0004
  2:  0.2252  0.6261  0.1335  0.0071  0.0080
  3:  0.0007  0.0032  0.9902  0.0046  0.0013
  4:  0.3369  0.5108  0.1261  0.0075  0.0187
  5:  0.8057  0.1500  0.0070  0.0025  0.0348
  6:  0.0530  0.3687  0.4758  0.0841  0.0184
  7:  0.0509  0.8081  0.0475  0.0715  0.0219
  8:  0.0060  0.0342  0.7468  0.2023  0.0107
  9:  0.0011  0.0046  0.9894  0.0035  0.0014
  10:  0.0004  0.0012  0.9965  0.0013  0.0005
MONSTERS UNIVERSITY - A worthy follow up prequel to MONSTERS INC.
(0 (1 (2 (3 (4 MONSTERS) (5 UNIVERSITY)) (6 -)) (7 (8 (9 A) (10 worthy)) (11 (12 (13 (14 follow) (15 up)) (16 prequel)) (17 (18 to) (19 (20 MONSTERS) (21 INC.)))))) (22 .))
  0:  0.0377  0.1098  0.1475  0.5383  0.1666
  1:  0.0408  0.1441  0.2374  0.4533  0.1244
  2:  0.0244  0.1687  0.6182  0.1647  0.0241
  3:  0.0289  0.1778  0.5831  0.1794  0.0308
  4:  0.0286  0.1441  0.6307  0.1541  0.0425
  5:  0.0286  0.1441  0.6307  0.1541  0.0425
  6:  0.0004  0.0019  0.9962  0.0011  0.0004
  7:  0.0247  0.0751  0.1913  0.5547  0.1542
  8:  0.0110  0.0137  0.0504  0.6273  0.2976
  9:  0.0004  0.0019  0.9951  0.0018  0.0007
  10:  0.0339  0.0447  0.0234  0.1208  0.7773
  11:  0.0437  0.3502  0.4642  0.1226  0.0193
  12:  0.0336  0.2019  0.5818  0.1594  0.0233
  13:  0.0031  0.0259  0.9352  0.0332  0.0026
  14:  0.0005  0.0030  0.9931  0.0025  0.0008
  15:  0.0003  0.0008  0.9972  0.0009  0.0007
  16:  0.0473  0.1086  0.5322  0.2403  0.0716
  17:  0.0160  0.1249  0.7211  0.1255  0.0125
  18:  0.0009  0.0034  0.9901  0.0044  0.0012
  19:  0.0289  0.1778  0.5831  0.1794  0.0308
  20:  0.0286  0.1441  0.6307  0.1541  0.0425
  21:  0.0286  0.1441  0.6307  0.1541  0.0425
  22:  0.0004  0.0012  0.9965  0.0013  0.0005
Great animation and production design.
(0 (1 (2 Great) (3 (4 (5 (6 animation) (7 and)) (8 production)) (9 design))) (10 .))
  0:  0.0101  0.0161  0.0250  0.6509  0.2979
  1:  0.0228  0.0464  0.0783  0.6191  0.2334
  2:  0.0567  0.0774  0.0187  0.1272  0.7201
  3:  0.0016  0.0144  0.9132  0.0675  0.0034
  4:  0.0055  0.0359  0.7071  0.2376  0.0139
  5:  0.0056  0.0696  0.5701  0.3477  0.0071
  6:  0.0003  0.0018  0.9967  0.0009  0.0003
  7:  0.0003  0.0015  0.9960  0.0017  0.0005
  8:  0.0001  0.0010  0.9972  0.0014  0.0002
  9:  0.0005  0.0029  0.9949  0.0009  0.0008
  10:  0.0004  0.0012  0.9965  0.0013  0.0005
Fun for the whole family!
(0 (1 (2 Fun) (3 (4 for) (5 (6 the) (7 (8 whole) (9 family))))) (10 !))
  0:  0.0044  0.0052  0.0078  0.6154  0.3672
  1:  0.0139  0.0388  0.0762  0.7064  0.1646
  2:  0.0291  0.1924  0.1219  0.5507  0.1058
  3:  0.0034  0.0146  0.4588  0.5052  0.0180
  4:  0.0009  0.0041  0.9920  0.0023  0.0008
  5:  0.0010  0.0041  0.4872  0.4928  0.0149
  6:  0.0004  0.0025  0.9941  0.0024  0.0006
  7:  0.0007  0.0038  0.3725  0.6053  0.0177
  8:  0.0000  0.0001  0.9994  0.0003  0.0001
  9:  0.0005  0.0050  0.0032  0.9870  0.0043
  10:  0.0001  0.0002  0.9991  0.0004  0.0001
THE CROODS - It's not exactly historically accurate, but it's still a fun ride for children and adults alike.
(0 (1 (2 THE) (3 CROODS)) (4 (5 -) (6 (7 (8 (9 (10 (11 It) (12 (13 (14 's) (15 not)) (16 (17 exactly) (18 (19 historically) (20 accurate))))) (21 ,)) (22 but)) (23 (24 it) (25 (26 (27 (28 (29 's) (30 still)) (31 (32 a) (33 (34 fun) (35 ride)))) (36 (37 for) (38 (39 (40 children) (41 and)) (42 adults)))) (43 alike)))) (44 .))))
  0:  0.0220  0.0649  0.1400  0.6116  0.1615
  1:  0.0091  0.0569  0.8043  0.1161  0.0136
  2:  0.0047  0.0284  0.9158  0.0387  0.0124
  3:  0.0286  0.1441  0.6307  0.1541  0.0425
  4:  0.0151  0.0360  0.1078  0.6510  0.1901
  5:  0.0004  0.0019  0.9962  0.0011  0.0004
  6:  0.0139  0.0323  0.0336  0.6856  0.2346
  7:  0.0183  0.0330  0.2430  0.5470  0.1587
  8:  0.0835  0.5553  0.3184  0.0351  0.0077
  9:  0.1253  0.5583  0.2664  0.0383  0.0118
  10:  0.0932  0.6021  0.2470  0.0460  0.0116
  11:  0.0003  0.0019  0.9958  0.0015  0.0005
  12:  0.0915  0.6259  0.2057  0.0681  0.0089
  13:  0.0086  0.1245  0.8571  0.0076  0.0022
  14:  0.0008  0.0016  0.9945  0.0021  0.0010
  15:  0.0101  0.9741  0.0053  0.0087  0.0017
  16:  0.0211  0.0959  0.2377  0.5925  0.0528
  17:  0.0001  0.0010  0.9985  0.0003  0.0001
  18:  0.0254  0.0995  0.1844  0.5676  0.1231
  19:  0.0109  0.0289  0.8519  0.0656  0.0427
  20:  0.0221  0.1070  0.0588  0.7722  0.0399
  21:  0.0004  0.0012  0.9965  0.0013  0.0005
  22:  0.0018  0.0052  0.9897  0.0016  0.0018
  23:  0.0097  0.0111  0.0304  0.4276  0.5212
  24:  0.0006  0.0019  0.9928  0.0036  0.0011
  25:  0.0035  0.0037  0.0139  0.4584  0.5205
  26:  0.0023  0.0021  0.0169  0.5403  0.4384
  27:  0.0036  0.0022  0.0187  0.4354  0.5401
  28:  0.0002  0.0015  0.9882  0.0094  0.0006
  29:  0.0008  0.0016  0.9945  0.0021  0.0010
  30:  0.0002  0.0009  0.9982  0.0005  0.0002
  31:  0.0028  0.0021  0.0070  0.5272  0.4610
  32:  0.0007  0.0032  0.9902  0.0046  0.0013
  33:  0.0051  0.0043  0.0149  0.6250  0.3506
  34:  0.0179  0.0081  0.0108  0.0420  0.9212
  35:  0.0001  0.0005  0.9975  0.0016  0.0003
  36:  0.0011  0.0080  0.9320  0.0572  0.0017
  37:  0.0009  0.0041  0.9920  0.0023  0.0008
  38:  0.0004  0.0043  0.9586  0.0355  0.0011
  39:  0.0010  0.0083  0.9266  0.0616  0.0026
  40:  0.0012  0.0176  0.0098  0.9656  0.0058
  41:  0.0003  0.0015  0.9960  0.0017  0.0005
  42:  0.0001  0.0009  0.9986  0.0003  0.0001
  43:  0.0010  0.0082  0.9723  0.0156  0.0030
  44:  0.0004  0.0012  0.9965  0.0013  0.0005
Good, but not great.
(0 (1 (2 (3 (4 Good) (5 ,)) (6 but)) (7 (8 not) (9 great))) (10 .))
  0:  0.0249  0.0944  0.2276  0.5478  0.1052
  1:  0.0276  0.1171  0.2629  0.5106  0.0817
  2:  0.0083  0.0640  0.5477  0.3560  0.0240
  3:  0.0167  0.0639  0.2364  0.5964  0.0866
  4:  0.0057  0.0283  0.0157  0.9301  0.0203
  5:  0.0004  0.0012  0.9965  0.0013  0.0005
  6:  0.0018  0.0052  0.9897  0.0016  0.0018
  7:  0.0336  0.1615  0.2385  0.5138  0.0526
  8:  0.0101  0.9741  0.0053  0.0087  0.0017
  9:  0.0291  0.0156  0.0135  0.0336  0.9081
  10:  0.0004  0.0012  0.9965  0.0013  0.0005
MANIAC (2012) - Elijah Wood is genuinely creepy as Frank Zito in this gory, disturbing remake of the 1980 horror classic.
(0 (1 (2 (3 (4 MANIAC) (5 (6 -LRB-) (7 (8 2012) (9 -RRB-)))) (10 -)) (11 (12 (13 Elijah) (14 Wood)) (15 (16 is) (17 (18 genuinely) (19 (20 creepy) (21 (22 as) (23 (24 (25 Frank) (26 Zito)) (27 (28 in) (29 (30 (31 this) (32 (33 gory) (34 (35 ,) (36 (37 disturbing) (38 remake))))) (39 (40 of) (41 (42 the) (43 (44 1980) (45 (46 horror) (47 classic)))))))))))))) (48 .))
  0:  0.1478  0.3961  0.1443  0.1930  0.1189
  1:  0.1117  0.3836  0.1863  0.2308  0.0875
  2:  0.0309  0.2127  0.5812  0.1501  0.0252
  3:  0.0378  0.2355  0.5047  0.1876  0.0344
  4:  0.0286  0.1441  0.6307  0.1541  0.0425
  5:  0.0294  0.1720  0.5828  0.1828  0.0330
  6:  0.0219  0.1073  0.6341  0.1858  0.0509
  7:  0.0164  0.0970  0.7195  0.1438  0.0233
  8:  0.0286  0.1441  0.6307  0.1541  0.0425
  9:  0.0200  0.0821  0.7205  0.1352  0.0422
  10:  0.0004  0.0019  0.9962  0.0011  0.0004
  11:  0.0680  0.2650  0.2057  0.3663  0.0950
  12:  0.0090  0.0609  0.8182  0.1000  0.0118
  13:  0.0286  0.1441  0.6307  0.1541  0.0425
  14:  0.0019  0.0099  0.9767  0.0079  0.0035
  15:  0.0436  0.1715  0.2651  0.4184  0.1015
  16:  0.0008  0.0038  0.9894  0.0047  0.0013
  17:  0.0418  0.1662  0.1955  0.5324  0.0641
  18:  0.0029  0.0188  0.0053  0.9545  0.0185
  19:  0.0572  0.3508  0.5437  0.0375  0.0108
  20:  0.0450  0.7935  0.0548  0.0889  0.0178
  21:  0.0626  0.6265  0.2832  0.0221  0.0057
  22:  0.0011  0.0037  0.9902  0.0035  0.0015
  23:  0.0669  0.5719  0.3388  0.0175  0.0049
  24:  0.0022  0.0216  0.9601  0.0148  0.0013
  25:  0.0008  0.0102  0.9849  0.0030  0.0011
  26:  0.0286  0.1441  0.6307  0.1541  0.0425
  27:  0.0798  0.6355  0.2377  0.0380  0.0090
  28:  0.0006  0.0031  0.9933  0.0022  0.0008
  29:  0.1131  0.5613  0.2817  0.0328  0.0112
  30:  0.0925  0.6265  0.2447  0.0273  0.0090
  31:  0.0002  0.0009  0.9978  0.0009  0.0002
  32:  0.0646  0.6079  0.2663  0.0516  0.0096
  33:  0.0028  0.0216  0.9574  0.0142  0.0040
  34:  0.0541  0.3981  0.4986  0.0403  0.0089
  35:  0.0004  0.0012  0.9965  0.0013  0.0005
  36:  0.0456  0.6443  0.2293  0.0703  0.0104
  37:  0.0647  0.7433  0.0545  0.1169  0.0206
  38:  0.0006  0.0054  0.9920  0.0017  0.0003
  39:  0.0068  0.0872  0.8214  0.0798  0.0048
  40:  0.0006  0.0030  0.9934  0.0020  0.0009
  41:  0.0126  0.1122  0.7546  0.1109  0.0097
  42:  0.0004  0.0025  0.9941  0.0024  0.0006
  43:  0.0192  0.1302  0.7139  0.1186  0.0180
  44:  0.0039  0.0129  0.9481  0.0274  0.0077
  45:  0.0272  0.2831  0.4899  0.1856  0.0143
  46:  0.0222  0.9066  0.0307  0.0369  0.0037
  47:  0.0049  0.0326  0.0091  0.9362  0.0172
  48:  0.0004  0.0012  0.9965  0.0013  0.0005
Just brutal.
(0 (1 (2 Just) (3 brutal)) (4 .))
  0:  0.0654  0.3811  0.4115  0.1210  0.0211
  1:  0.0354  0.2999  0.5142  0.1381  0.0125
  2:  0.0002  0.0011  0.9969  0.0014  0.0004
  3:  0.0045  0.0218  0.9544  0.0166  0.0026
  4:  0.0004  0.0012  0.9965  0.0013  0.0005
THE HEAT - Sandra Bullock and Melissa McCarthy are hilarious in this offbeat buddy cop comedy!
(0 (1 (2 THE) (3 HEAT)) (4 (5 -) (6 (7 (8 (9 (10 (11 Sandra) (12 Bullock)) (13 and)) (14 (15 Melissa) (16 McCarthy))) (17 (18 are) (19 (20 hilarious) (21 (22 in) (23 (24 this) (25 (26 offbeat) (27 (28 buddy) (29 (30 cop) (31 comedy))))))))) (32 !))))
  0:  0.0239  0.0537  0.1145  0.6051  0.2027
  1:  0.0091  0.0569  0.8043  0.1161  0.0136
  2:  0.0047  0.0284  0.9158  0.0387  0.0124
  3:  0.0286  0.1441  0.6307  0.1541  0.0425
  4:  0.0160  0.0258  0.0553  0.6635  0.2395
  5:  0.0004  0.0019  0.9962  0.0011  0.0004
  6:  0.0164  0.0285  0.0160  0.5894  0.3497
  7:  0.0291  0.0964  0.1135  0.6296  0.1314
  8:  0.0242  0.1675  0.6314  0.1578  0.0191
  9:  0.0019  0.0246  0.9129  0.0590  0.0017
  10:  0.0014  0.0150  0.9614  0.0210  0.0012
  11:  0.0010  0.0103  0.9820  0.0055  0.0012
  12:  0.0002  0.0014  0.9971  0.0010  0.0003
  13:  0.0003  0.0015  0.9960  0.0017  0.0005
  14:  0.0289  0.1778  0.5831  0.1794  0.0308
  15:  0.0286  0.1441  0.6307  0.1541  0.0425
  16:  0.0286  0.1441  0.6307  0.1541  0.0425
  17:  0.0121  0.0313  0.2256  0.5633  0.1677
  18:  0.0004  0.0030  0.9924  0.0034  0.0008
  19:  0.0252  0.0426  0.1071  0.5864  0.2388
  20:  0.0182  0.0120  0.0029  0.0604  0.9064
  21:  0.0423  0.2460  0.2830  0.3860  0.0427
  22:  0.0006  0.0031  0.9933  0.0022  0.0008
  23:  0.0390  0.1823  0.1875  0.5177  0.0735
  24:  0.0002  0.0009  0.9978  0.0009  0.0002
  25:  0.0199  0.1247  0.2746  0.5426  0.0381
  26:  0.0006  0.0032  0.9904  0.0051  0.0007
  27:  0.0053  0.0491  0.5779  0.3571  0.0106
  28:  0.0009  0.0057  0.9802  0.0109  0.0023
  29:  0.0013  0.0145  0.9259  0.0566  0.0016
  30:  0.0009  0.0054  0.9893  0.0037  0.0007
  31:  0.0003  0.0073  0.0077  0.9837  0.0010
  32:  0.0001  0.0002  0.9991  0.0004  0.0001
Funniest movie I've seen in a long time!
(0 (1 (2 Funniest) (3 (4 movie) (5 I))) (6 (7 (8 've) (9 (10 seen) (11 (12 in) (13 (14 a) (15 (16 long) (17 time)))))) (18 !)))
  0:  0.0766  0.3660  0.2205  0.2675  0.0694
  1:  0.0399  0.2094  0.3942  0.3040  0.0524
  2:  0.0286  0.1441  0.6307  0.1541  0.0425
  3:  0.0013  0.0172  0.9079  0.0721  0.0016
  4:  0.0001  0.0010  0.9984  0.0004  0.0001
  5:  0.0003  0.0012  0.9962  0.0017  0.0006
  6:  0.0034  0.0306  0.9072  0.0560  0.0028
  7:  0.0028  0.0438  0.9256  0.0266  0.0013
  8:  0.0002  0.0017  0.9961  0.0016  0.0004
  9:  0.0041  0.0490  0.9001  0.0444  0.0024
  10:  0.0005  0.0026  0.9932  0.0028  0.0009
  11:  0.0036  0.0497  0.9077  0.0370  0.0020
  12:  0.0006  0.0031  0.9933  0.0022  0.0008
  13:  0.0060  0.0675  0.8720  0.0508  0.0036
  14:  0.0007  0.0032  0.9902  0.0046  0.0013
  15:  0.0044  0.0595  0.9007  0.0333  0.0021
  16:  0.0007  0.0044  0.9927  0.0016  0.0005
  17:  0.0001  0.0006  0.9989  0.0002  0.0001
  18:  0.0001  0.0002  0.9991  0.0004  0.0001
OLYMPUS HAS FALLEN - This throwback "DIE HARD at the White House" actioner is solidly entertaining.
(0 (1 (2 OLYMPUS) (3 (4 HAS) (5 FALLEN))) (6 (7 -) (8 (9 (10 This) (11 (12 throwback) (13 (14 ``) (15 (16 (17 (18 (19 DIE) (20 HARD)) (21 (22 at) (23 (24 the) (25 (26 White) (27 House))))) (28 '')) (29 (30 actioner) (31 (32 is) (33 (34 solidly) (35 entertaining)))))))) (36 .))))
  0:  0.0366  0.0957  0.1113  0.5058  0.2507
  1:  0.0410  0.2465  0.4790  0.1967  0.0368
  2:  0.0286  0.1441  0.6307  0.1541  0.0425
  3:  0.0289  0.1778  0.5831  0.1794  0.0308
  4:  0.0286  0.1441  0.6307  0.1541  0.0425
  5:  0.0286  0.1441  0.6307  0.1541  0.0425
  6:  0.0066  0.0113  0.0783  0.6549  0.2489
  7:  0.0004  0.0019  0.9962  0.0011  0.0004
  8:  0.0023  0.0030  0.0189  0.7036  0.2722
  9:  0.0036  0.0041  0.0249  0.6576  0.3098
  10:  0.0001  0.0008  0.9983  0.0006  0.0001
  11:  0.0043  0.0081  0.0861  0.7381  0.1634
  12:  0.0009  0.0037  0.9818  0.0097  0.0039
  13:  0.0064  0.0108  0.0343  0.7229  0.2256
  14:  0.0003  0.0011  0.9975  0.0007  0.0004
  15:  0.0189  0.0396  0.1077  0.5205  0.3133
  16:  0.0332  0.3288  0.5221  0.1015  0.0143
  17:  0.0335  0.2230  0.5379  0.1794  0.0261
  18:  0.0289  0.1778  0.5831  0.1794  0.0308
  19:  0.0286  0.1441  0.6307  0.1541  0.0425
  20:  0.0286  0.1441  0.6307  0.1541  0.0425
  21:  0.0014  0.0127  0.9173  0.0668  0.0019
  22:  0.0002  0.0010  0.9979  0.0006  0.0003
  23:  0.0009  0.0085  0.9260  0.0628  0.0018
  24:  0.0004  0.0025  0.9941  0.0024  0.0006
  25:  0.0006  0.0082  0.9617  0.0284  0.0010
  26:  0.0005  0.0020  0.9943  0.0024  0.0007
  27:  0.0014  0.0104  0.9828  0.0041  0.0012
  28:  0.0003  0.0011  0.9975  0.0007  0.0004
  29:  0.0052  0.0068  0.0344  0.5761  0.3775
  30:  0.0301  0.0629  0.7570  0.1002  0.0499
  31:  0.0034  0.0025  0.0159  0.4294  0.5489
  32:  0.0008  0.0038  0.9894  0.0047  0.0013
  33:  0.0091  0.0110  0.0119  0.4336  0.5345
  34:  0.0114  0.0490  0.0523  0.8397  0.0477
  35:  0.0212  0.0158  0.0080  0.0532  0.9018
  36:  0.0004  0.0012  0.9965  0.0013  0.0005
Action fans will really enjoy it!
(0 (1 (2 Action) (3 fans)) (4 (5 (6 (7 will) (8 really)) (9 (10 enjoy) (11 it))) (12 !)))
  0:  0.0056  0.0064  0.0395  0.3649  0.5836
  1:  0.0194  0.1512  0.5484  0.2475  0.0334
  2:  0.0108  0.0501  0.9142  0.0175  0.0075
  3:  0.0005  0.0078  0.0067  0.9813  0.0038
  4:  0.0009  0.0006  0.0050  0.6215  0.3721
  5:  0.0033  0.0052  0.0700  0.6855  0.2361
  6:  0.0021  0.0159  0.8426  0.1343  0.0051
  7:  0.0005  0.0018  0.9955  0.0016  0.0005
  8:  0.0005  0.0023  0.9945  0.0020  0.0007
  9:  0.0056  0.0108  0.1244  0.6739  0.1852
  10:  0.0231  0.0285  0.0313  0.0817  0.8353
  11:  0.0006  0.0019  0.9928  0.0036  0.0011
  12:  0.0001  0.0002  0.9991  0.0004  0.0001
TWIXT - Francis Ford Coppola's pet horror project serves a great vehicle for Val Kilmer's troubled writer character.
(0 (1 TWIXT) (2 (3 -) (4 (5 (6 (7 (8 Francis) (9 (10 Ford) (11 (12 Coppola) (13 's)))) (14 (15 pet) (16 (17 horror) (18 project)))) (19 (20 serves) (21 (22 (23 a) (24 (25 great) (26 vehicle))) (27 (28 for) (29 (30 (31 Val) (32 (33 Kilmer) (34 's))) (35 (36 troubled) (37 (38 writer) (39 character)))))))) (40 .))))
  0:  0.0525  0.3122  0.4142  0.1837  0.0374
  1:  0.0286  0.1441  0.6307  0.1541  0.0425
  2:  0.0391  0.2467  0.4787  0.2087  0.0267
  3:  0.0004  0.0019  0.9962  0.0011  0.0004
  4:  0.0399  0.2185  0.3505  0.3401  0.0510
  5:  0.0291  0.1778  0.4358  0.3219  0.0355
  6:  0.0127  0.1443  0.7785  0.0587  0.0059
  7:  0.0053  0.0335  0.8857  0.0674  0.0081
  8:  0.0286  0.1441  0.6307  0.1541  0.0425
  9:  0.0001  0.0017  0.9956  0.0024  0.0001
  10:  0.0005  0.0067  0.9896  0.0026  0.0005
  11:  0.0005  0.0049  0.9850  0.0091  0.0006
  12:  0.0006  0.0042  0.9915  0.0029  0.0008
  13:  0.0008  0.0016  0.9945  0.0021  0.0010
  14:  0.0055  0.1133  0.8591  0.0202  0.0019
  15:  0.0138  0.1493  0.7711  0.0529  0.0130
  16:  0.0005  0.0091  0.9894  0.0010  0.0001
  17:  0.0222  0.9066  0.0307  0.0369  0.0037
  18:  0.0002  0.0013  0.9974  0.0008  0.0002
  19:  0.0059  0.0267  0.2399  0.6775  0.0501
  20:  0.0005  0.0035  0.9870  0.0081  0.0010
  21:  0.0163  0.0840  0.3296  0.4955  0.0746
  22:  0.0073  0.0136  0.0518  0.7005  0.2267
  23:  0.0007  0.0032  0.9902  0.0046  0.0013
  24:  0.0141  0.0273  0.0865  0.6421  0.2300
  25:  0.0291  0.0156  0.0135  0.0336  0.9081
  26:  0.0009  0.0028  0.9908  0.0044  0.0012
  27:  0.0284  0.2759  0.6472  0.0427  0.0058
  28:  0.0009  0.0041  0.9920  0.0023  0.0008
  29:  0.0443  0.3791  0.5001  0.0637  0.0128
  30:  0.0084  0.0730  0.8725  0.0403  0.0058
  31:  0.0279  0.1342  0.7132  0.0897  0.0350
  32:  0.0037  0.0472  0.9103  0.0359  0.0029
  33:  0.0018  0.0177  0.9721  0.0066  0.0018
  34:  0.0008  0.0016  0.9945  0.0021  0.0010
  35:  0.0454  0.3412  0.4416  0.1408  0.0310
  36:  0.0638  0.4242  0.3340  0.1093  0.0687
  37:  0.0006  0.0062  0.9848  0.0080  0.0004
  38:  0.0004  0.0036  0.9941  0.0014  0.0005
  39:  0.0004  0.0026  0.9940  0.0025  0.0005
  40:  0.0004  0.0012  0.9965  0.0013  0.0005
Moody.
(0 (1 Moody) (2 .))
  0:  0.0153  0.0717  0.7158  0.1723  0.0249
  1:  0.0190  0.0857  0.7747  0.0801  0.0404
  2:  0.0004  0.0012  0.9965  0.0013  0.0005
Dark.
(0 (1 Dark) (2 .))
  0:  0.0026  0.0275  0.9569  0.0119  0.0011
  1:  0.0018  0.0079  0.9868  0.0024  0.0010
  2:  0.0004  0.0012  0.9965  0.0013  0.0005
Cool.
(0 (1 Cool) (2 .))
  0:  0.0107  0.0336  0.1284  0.7272  0.1001
  1:  0.0091  0.0412  0.0422  0.8678  0.0397
  2:  0.0004  0.0012  0.9965  0.0013  0.0005
BULLET TO THE HEAD - Stallone's aging anti-hero story is a nice return to form.
(0 (1 (2 BULLET) (3 (4 TO) (5 (6 THE) (7 HEAD)))) (8 (9 -) (10 (11 (12 (13 (14 Stallone) (15 's)) (16 (17 aging) (18 (19 anti-hero) (20 story)))) (21 (22 is) (23 (24 a) (25 (26 nice) (27 (28 return) (29 (30 to) (31 form))))))) (32 .))))
  0:  0.0692  0.3201  0.2647  0.2765  0.0694
  1:  0.0322  0.2031  0.5269  0.2044  0.0334
  2:  0.0286  0.1441  0.6307  0.1541  0.0425
  3:  0.0221  0.1431  0.6067  0.2001  0.0279
  4:  0.0286  0.1441  0.6307  0.1541  0.0425
  5:  0.0091  0.0569  0.8043  0.1161  0.0136
  6:  0.0047  0.0284  0.9158  0.0387  0.0124
  7:  0.0286  0.1441  0.6307  0.1541  0.0425
  8:  0.0308  0.1334  0.2891  0.4720  0.0748
  9:  0.0004  0.0019  0.9962  0.0011  0.0004
  10:  0.0288  0.1231  0.1405  0.5956  0.1119
  11:  0.0268  0.1147  0.2424  0.5240  0.0922
  12:  0.0327  0.3404  0.5802  0.0393  0.0074
  13:  0.0054  0.0418  0.9103  0.0372  0.0053
  14:  0.0071  0.0242  0.9384  0.0230  0.0073
  15:  0.0008  0.0016  0.9945  0.0021  0.0010
  16:  0.0377  0.3995  0.4627  0.0883  0.0117
  17:  0.0014  0.0113  0.9803  0.0055  0.0015
  18:  0.0102  0.0817  0.7625  0.1331  0.0126
  19:  0.0286  0.1441  0.6307  0.1541  0.0425
  20:  0.0003  0.0019  0.9960  0.0013  0.0005
  21:  0.0015  0.0027  0.0504  0.8066  0.1388
  22:  0.0008  0.0038  0.9894  0.0047  0.0013
  23:  0.0028  0.0068  0.0685  0.8119  0.1100
  24:  0.0007  0.0032  0.9902  0.0046  0.0013
  25:  0.0059  0.0161  0.1332  0.7438  0.1009
  26:  0.0040  0.0166  0.0093  0.9407  0.0294
  27:  0.0086  0.0548  0.1980  0.7053  0.0333
  28:  0.0043  0.0176  0.9366  0.0358  0.0057
  29:  0.0011  0.0076  0.8886  0.0992  0.0035
  30:  0.0009  0.0034  0.9901  0.0044  0.0012
  31:  0.0003  0.0011  0.9958  0.0021  0.0007
  32:  0.0004  0.0012  0.9965  0.0013  0.0005
Smart action, timely humor and good cast chemistry.
(0 (1 (2 (3 (4 Smart) (5 action)) (6 ,)) (7 (8 (9 (10 timely) (11 humor)) (12 and)) (13 (14 good) (15 (16 cast) (17 chemistry))))) (18 .))
  0:  0.0007  0.0004  0.0069  0.4094  0.5826
  1:  0.0010  0.0005  0.0093  0.2044  0.7848
  2:  0.0038  0.0075  0.0287  0.8004  0.1596
  3:  0.0056  0.0172  0.0411  0.8557  0.0804
  4:  0.0156  0.0451  0.0313  0.8327  0.0753
  5:  0.0002  0.0008  0.9974  0.0014  0.0002
  6:  0.0004  0.0012  0.9965  0.0013  0.0005
  7:  0.0027  0.0021  0.0195  0.4116  0.5641
  8:  0.0032  0.0080  0.1083  0.7616  0.1188
  9:  0.0084  0.0184  0.1403  0.6689  0.1639
  10:  0.0016  0.0042  0.9507  0.0363  0.0072
  11:  0.0279  0.0405  0.0509  0.0358  0.8450
  12:  0.0003  0.0015  0.9960  0.0017  0.0005
  13:  0.0066  0.0173  0.0052  0.8686  0.1023
  14:  0.0007  0.0049  0.0020  0.9874  0.0050
  15:  0.0005  0.0098  0.9721  0.0172  0.0003
  16:  0.0000  0.0004  0.9990  0.0005  0.0000
  17:  0.0002  0.0013  0.9972  0.0013  0.0001
  18:  0.0004  0.0012  0.9965  0.0013  0.0005
